,municipality_name,pop_density,store_id,population_count,population_per_num_stores,kids_%,kids+_%,youths_%,youthAdult_%,adult_%,adults+_%,pensinors_%,couple_children_0_to_5_years,couple_children_18_or_above,couple_children_6_to_17_years,couple_without_children,single_parent_children_0_to_5_years,single_parent_children_18_or_above,single_parent_children_6_to_17_years,singles
0,Agdenes,69.55014538447534,1,1683,1683.0,0.062388591800356503,0.061200237670825906,0.0748663101604278,0.09506833036244801,0.09090909090909091,0.3244206773618538,0.29114676173499704,233,181,315,424,34,56,60,322
1,Alstahaug,209.1131527554696,22,7189,326.77272727272725,0.07358464320489637,0.06871609403254973,0.06565586312421755,0.10808179162609542,0.12310474335790791,0.32466267909305885,0.23619418556127417,1180,506,1477,1788,165,175,322,1435
2,Alta,441.6669612814513,56,19443,347.19642857142856,0.09247544103276244,0.08208609782440981,0.07683999382811295,0.12379776783418196,0.14298205009514992,0.31008589209484133,0.17173275729054158,3995,1525,4283,3580,501,673,1209,3511
3,Alvdal,73.20561499051296,3,2202,734.0,0.08900999091734786,0.07538601271571299,0.0703905540417802,0.09854677565849228,0.10172570390554042,0.33287920072661215,0.2320617620345141,435,205,523,460,53,56,77,452
4,Andebu,153.60794754764177,6,5837,972.8333333333334,0.085489121123865,0.07623779338701388,0.06578721946205242,0.10262120952544115,0.1403118040089087,0.3361315744389241,0.19342127805379475,1140,410,1273,1410,99,135,252,1000
5,Andøy,205.743659320089,15,4547,303.1333333333333,0.06575764240158347,0.06553771717616011,0.06685726852870025,0.1051242577523642,0.10402463162524742,0.3151528480316692,0.2775456344842753,705,329,975,1282,43,118,246,1006
6,Aremark,51.45597802772137,2,1382,691.0,0.07597684515195369,0.07597684515195369,0.057163531114327065,0.07597684515195369,0.08321273516642547,0.35672937771345875,0.27496382054992763,208,113,308,388,25,18,55,219
7,Arendal,917.07362409014,112,43634,389.5892857142857,0.078906357427694,0.07187055965531466,0.06595773937754962,0.09873034789384424,0.12215244992437091,0.3355869276252464,0.2267956180959802,7629,3282,8881,9958,807,1174,2235,8600
8,Asker,1393.285236049631,113,59069,522.7345132743363,0.0895224229291168,0.08247981174558568,0.0744383686874672,0.09778394758672061,0.10391237366469722,0.35294316815927135,0.19891990722714115,12030,5001,14942,11458,739,1604,2892,9077
9,Askim,349.9422565757265,36,15510,430.8333333333333,0.0796260477111541,0.07330754352030948,0.065892972275951,0.09484203739522888,0.11695680206318504,0.3381044487427466,0.2312701482914249,2769,1220,3047,3612,346,446,839,2922
10,Askvoll,85.43320294096722,12,2907,242.25,0.07327141382868937,0.0674234606123151,0.06329549363605091,0.09494324045407637,0.09219126246990024,0.3120055039559684,0.29686962504299963,499,323,604,708,40,90,89,479
11,Askøy,1203.5171662476073,47,27430,583.6170212765958,0.1091505650747357,0.09128691213999271,0.07207437112650383,0.09372949325555961,0.13215457528253738,0.3205249726576741,0.1810791104629967,6856,2256,6915,5406,485,637,1271,3486
12,Audnedal,113.11618773767294,1,1693,1693.0,0.09096278795038393,0.08682811577082103,0.07974010632014177,0.10100413467217956,0.1305375073833432,0.3024217365623154,0.20850561134081513,390,160,393,352,37,28,50,259
13,Aukra,212.62931828390495,4,3354,838.5,0.08348240906380441,0.08228980322003578,0.07304710793082886,0.10137149672033392,0.1195587358378056,0.3023255813953488,0.23792486583184258,680,244,823,806,36,75,160,536
14,Aure,121.86797881764146,11,3416,310.54545454545456,0.06323185011709602,0.06586651053864169,0.07201405152224824,0.09074941451990633,0.08899297423887588,0.33694379391100704,0.2822014051522248,391,254,687,746,35,93,118,633
15,Aurland,135.75756382749802,7,1752,250.28571428571428,0.0593607305936073,0.06050228310502283,0.05650684931506849,0.1050228310502283,0.1421232876712329,0.3224885844748858,0.2539954337899543,231,214,342,344,10,49,55,359
16,Aurskog-Høland,114.5799243718118,30,15658,521.9333333333333,0.07861795887086473,0.0710818750798314,0.06635585643121727,0.08966662408992208,0.12268488951334781,0.33810192872652955,0.23349086728828713,2781,1176,3451,3896,275,374,656,2858
17,Austevoll,641.4447693163675,20,5039,251.95,0.10815638023417344,0.08652510418733876,0.06648144473109743,0.10121055765032745,0.12958920420718398,0.3030363167295098,0.2050009922603691,1245,483,1123,946,119,143,170,687
18,Austrheim,212.84310938301425,11,2785,253.1818181818182,0.0843806104129264,0.07396768402154398,0.06929982046678636,0.0933572710951526,0.11597845601436266,0.3134649910233393,0.2495511669658887,560,244,547,666,40,54,91,501
19,Averøy,169.3250862843579,9,5558,617.5555555555555,0.077725800647715,0.07538682979489025,0.06531126304426052,0.0940985966174883,0.11712846347607053,0.3249370277078086,0.24541201871176682,962,500,1163,1372,96,136,270,954
20,Balestrand,133.32544386016238,1,1264,1264.0,0.06408227848101265,0.060126582278481014,0.06724683544303797,0.11234177215189874,0.09889240506329114,0.33069620253164556,0.2666139240506329,189,116,262,312,0,38,45,225
21,Ballangen,151.49519370817856,7,2235,319.2857142857143,0.06756152125279642,0.07248322147651007,0.06621923937360179,0.10246085011185682,0.09843400447427293,0.3118568232662192,0.2809843400447427,328,188,484,614,65,78,76,532
22,Balsfjord,80.16707940308122,10,5420,542.0,0.06494464944649446,0.06549815498154982,0.06531365313653137,0.09649446494464944,0.11383763837638376,0.31771217712177124,0.2761992619926199,730,545,1120,1218,82,254,262,1167
23,Bamble,702.2275779252003,31,13928,449.2903225806452,0.06842331993107409,0.07021826536473291,0.06303848363009765,0.10439402642159679,0.11372774267662263,0.32983917288914416,0.25035898908673176,2086,1247,2918,3704,212,398,634,2307
24,Bardu,167.708259356199,5,3894,778.8,0.07960965588084232,0.07421674370826913,0.054442732408834106,0.14817668207498716,0.13020030816640987,0.28454031843862354,0.2288135593220339,677,245,838,930,51,82,139,866
25,Beiarn,63.89807627746481,0,944,inf,0.04766949152542373,0.05190677966101695,0.05402542372881356,0.08898305084745763,0.07627118644067797,0.3283898305084746,0.3527542372881356,71,113,157,302,17,44,28,187
26,Berg,883.1888225610893,2,716,358.0,0.0782122905027933,0.06424581005586592,0.040502793296089384,0.13268156424581007,0.11033519553072625,0.3254189944134078,0.24860335195530725,124,82,110,226,30,25,20,199
27,Bergen,1933.560476526137,634,278415,439.1403785488959,0.08230160012930338,0.06705457680081892,0.05489287574304545,0.11991092433956503,0.1692150207424169,0.31950505540290575,0.18711994684194458,52629,19624,53038,63064,3528,7577,11320,66219
28,Berlevåg,1194.355352662339,7,968,138.28571428571428,0.05268595041322314,0.056818181818181816,0.047520661157024795,0.09710743801652892,0.1487603305785124,0.32644628099173556,0.2706611570247934,108,64,178,206,6,44,33,266
29,Bindal,86.96576713313449,2,1253,626.5,0.06464485235434957,0.0710295291300878,0.06304868316041501,0.0853950518754988,0.07901037509976057,0.2928970470869912,0.34397446129289705,201,118,265,380,7,43,33,287
30,Birkenes,385.45967473639064,12,4885,407.0833333333333,0.10133060388945753,0.08781985670419652,0.07349027635619243,0.11627430910951894,0.12159672466734903,0.3058341862845445,0.19365404298874103,1126,377,1238,984,65,81,220,786
31,Bjerkreim,34.06732399183623,2,2750,1375.0,0.10181818181818182,0.0890909090909091,0.07345454545454545,0.0989090909090909,0.1389090909090909,0.3225454545454545,0.17527272727272727,697,223,747,624,25,34,48,319
32,Bjugn,92.62384438912173,4,4626,1156.5,0.08819714656290532,0.06960657155209685,0.06355382619974059,0.0946822308690013,0.11175961954172071,0.30977086035451795,0.2624297449200173,920,285,746,1210,74,107,260,997
33,Bodø,917.4286752731421,126,48713,386.6111111111111,0.0830784390203847,0.07322480651982018,0.06320694681091289,0.1159033522878903,0.14232340443002894,0.33089729640958265,0.19136575452138033,9151,3813,10538,11224,642,1186,2408,9763
34,Bokn,65.30513531017836,0,807,inf,0.07558859975216853,0.08302354399008674,0.07806691449814127,0.09417596034696406,0.10656753407682776,0.32342007434944237,0.23915737298636927,124,48,248,212,23,28,23,121
35,Bremanger,168.11872083549045,4,3586,896.5,0.06804238706079196,0.07389849414389292,0.07501394311210262,0.09341885108756275,0.09230340211935303,0.30925822643614054,0.28806469604015617,571,368,874,832,43,113,78,656
36,Brønnøy,181.70752730513513,20,7563,378.15,0.08316805500462779,0.07629247653047733,0.07179690598968663,0.10260478646039932,0.11648816607166468,0.3357133412666931,0.21393626867645113,1301,591,1792,1690,194,233,382,1430
37,Bygland,153.66505475945274,3,945,315.0,0.04867724867724868,0.06455026455026455,0.07089947089947089,0.09523809523809523,0.10476190476190476,0.32486772486772486,0.291005291005291,130,109,244,236,19,45,49,256
38,Bykle,234.49709085303257,3,914,304.6666666666667,0.0787746170678337,0.06564551422319474,0.06673960612691467,0.10831509846827134,0.13785557986870897,0.3588621444201313,0.1838074398249453,142,105,183,162,33,24,49,165
39,Båtsfjord,1131.5562824189642,7,2092,298.85714285714283,0.06787762906309751,0.06596558317399617,0.058317399617590825,0.10038240917782026,0.15583173996175909,0.3403441682600382,0.2112810707456979,263,128,433,454,57,61,98,533
40,Bærum,1983.8120491980515,209,118404,566.5263157894736,0.09310496267018006,0.0819651363129624,0.06824938346677477,0.09182966791662443,0.11238640586466674,0.35167730819904736,0.20078713556974426,25219,9297,29403,22670,1024,2748,4826,20448
41,Bø,152.8063012325328,36,8232,228.66666666666666,0.07507288629737609,0.06924198250728864,0.057337220602526724,0.12111273080660835,0.13083090379008747,0.30369290573372204,0.24271137026239067,1357,576,1644,2410,105,217,363,2049
42,Bømlo,430.8394596049604,23,10754,467.5652173913044,0.09047796168867399,0.08992002975636973,0.07941231169797285,0.10842477217779431,0.12051329737771992,0.30714152873349454,0.2041100985679747,2369,811,2793,2386,133,191,458,1618
43,Deatnu - Tana,62.20631857647573,10,2816,281.6,0.056818181818181816,0.0625,0.06427556818181818,0.10262784090909091,0.12464488636363637,0.3299005681818182,0.25923295454545453,344,251,557,578,43,113,182,676
44,Dovre,92.4012365608058,13,2338,179.84615384615384,0.05688622754491018,0.059880239520958084,0.05859709153122327,0.10692899914456801,0.10906757912745936,0.30966638152266895,0.29897348160821213,287,195,489,682,26,82,116,562
45,Drammen,2070.1151056427834,211,66910,317.1090047393365,0.0819458974742191,0.07075175609027051,0.05764459722014646,0.09798236437004933,0.15100881781497533,0.3246599910327305,0.21600657599760872,12359,4403,12902,14868,1259,1875,3311,15127
46,Drangedal,283.8584682253578,10,3783,378.3,0.0719006079830822,0.07057890563045202,0.0668781390430875,0.09304784562516522,0.10309278350515463,0.3283108643933386,0.2661908538197198,423,259,655,702,69,53,132,617
47,Dyrøy,126.39708731822404,1,996,996.0,0.05622489959839357,0.06325301204819277,0.060240963855421686,0.10441767068273092,0.08634538152610442,0.3273092369477912,0.30220883534136544,118,92,215,260,19,42,52,283
48,Dønna,58.030655779206825,6,1212,202.0,0.05528052805280528,0.08250825082508251,0.066006600660066,0.10066006600660066,0.06765676567656766,0.35313531353135313,0.2747524752475248,150,97,316,342,24,21,46,294
49,Eid,157.00535499983164,30,5861,195.36666666666667,0.08394471933117216,0.07882613888414947,0.07592560996416994,0.11346186657566969,0.10100665415458113,0.32008189728715236,0.22675311380310528,1106,558,1309,1182,71,142,304,996
50,Eide,122.62077973327253,6,3346,557.6666666666666,0.08637178720860729,0.08846383741781232,0.07142857142857142,0.0968320382546324,0.11326957561267184,0.31769276748356245,0.22594142259414227,677,278,751,772,47,64,189,545
51,Eidfjord,252.7173578996811,4,833,208.25,0.07202881152460984,0.06482593037214886,0.058823529411764705,0.09723889555822329,0.12725090036014405,0.33013205282112845,0.24969987995198079,147,97,136,218,0,17,67,187
52,Eidsberg,109.82844684269108,20,11211,560.55,0.07474801534207474,0.07412362857907412,0.06814735527606815,0.09633395772009633,0.12077423958612077,0.3371688520203372,0.2287039514762287,1774,884,2312,2686,226,269,649,2213
53,Eidskog,115.97140438464338,8,5822,727.75,0.05358983167296462,0.06063208519409138,0.06664376502919958,0.09412572998969426,0.08244589488148403,0.35005152868430095,0.2925111645482652,651,491,1164,1582,59,228,294,1308
54,Eidsvoll,295.0333428164172,45,23418,520.4,0.08771030830984712,0.07758988812024938,0.06260141771287044,0.08976001366470236,0.13822700486805023,0.3439661798616449,0.20014518746263557,4524,1808,5037,5294,459,606,1204,4214
55,Eigersund,227.1813862271962,46,14536,316.0,0.0885388002201431,0.0800082553659879,0.07051458447991195,0.11192900385250412,0.12032195927352779,0.3212025316455696,0.20748486516235554,2960,1152,3483,3298,188,333,490,2535
56,Elverum,271.92860829626954,55,20935,380.6363636363636,0.07776450919512777,0.07050394076904705,0.05951755433484595,0.10967279675185097,0.12213995700979222,0.31774540243611177,0.24265583950322425,3550,1587,4099,5188,358,613,1055,4138
57,Enebakk,246.25962954905137,4,10532,2633.0,0.09210026585643752,0.08355488036460311,0.07216103304215724,0.09162552221800228,0.12400303835928599,0.3544436004557539,0.18211165970375998,2236,940,2671,2210,120,266,544,1602
58,Engerdal,98.90243381837477,3,1041,347.0,0.04803073967339097,0.06724303554274735,0.06243996157540826,0.08549471661863593,0.08837656099903939,0.31892411143131605,0.32949087415946204,121,139,224,288,10,52,49,295
59,Etne,93.87786458892968,11,3802,345.6363636363636,0.09495002630194635,0.0778537611783272,0.06706996317727512,0.0967911625460284,0.11967385586533404,0.3114150447133088,0.23224618621778012,862,367,919,860,59,45,118,678
60,Etnedal,81.7274562123058,1,1126,1126.0,0.06394316163410302,0.07726465364120781,0.06394316163410302,0.07904085257548846,0.06571936056838366,0.3330373001776199,0.31705150976909413,154,63,246,296,0,42,44,331
61,Evenes,134.39091654415782,5,1101,220.2,0.06721162579473206,0.06993642143505904,0.0653950953678474,0.09809264305177112,0.06993642143505904,0.298819255222525,0.33060853769300635,199,78,201,356,33,36,59,287
62,Evje og Hornnes,258.70605859346466,10,3346,334.6,0.09205020920502092,0.08009563658099222,0.06814106395696354,0.09533771667662881,0.11207411835026898,0.312910938433951,0.23939031679617453,631,237,704,824,106,78,173,642
63,Farsund,205.69587399861948,36,8866,246.27777777777777,0.07466726821565531,0.07726144822919016,0.07827656214752989,0.10850439882697947,0.10399278141213625,0.3117527633656666,0.2455447778028423,1568,614,2186,2152,114,152,324,1638
64,Fauske,280.722369947681,31,9032,291.35483870967744,0.06344109831709477,0.06654118689105402,0.0645482728077945,0.10031000885739592,0.10806023029229407,0.3335916740478299,0.26350752878653677,1209,754,1927,2316,158,241,484,1803
65,Fedje,658.4661028247366,1,533,533.0,0.07317073170731707,0.075046904315197,0.08442776735459662,0.08442776735459662,0.09380863039399624,0.30393996247654786,0.2851782363977486,93,60,123,132,5,4,28,96
66,Fet,273.2909061393082,9,11287,1254.111111111111,0.09045804908301586,0.07752281385664925,0.06591654115353947,0.08842030654735536,0.11836626207140959,0.3641357313723753,0.19518029591565517,2319,1091,2718,2494,156,346,440,1593
67,Finnøy,67.67582501610592,2,3054,1527.0,0.0962671905697446,0.0802226588081205,0.06614276358873608,0.09888670595939751,0.13654223968565815,0.3182711198428291,0.2036673215455141,734,280,636,742,44,40,60,509
68,Fitjar,223.34094577478825,8,2852,356.5,0.08450210378681627,0.0802945301542777,0.0767882187938289,0.09817671809256662,0.1132538569424965,0.32012622720897616,0.22685834502103785,588,249,689,640,14,57,73,408
69,Fjaler,104.1635587130062,8,2745,343.125,0.07650273224043716,0.06994535519125683,0.10418943533697632,0.12021857923497267,0.10200364298724955,0.2641165755919854,0.263023679417122,487,259,500,520,44,86,70,608
70,Fjell,1111.4754629764618,49,24409,498.14285714285717,0.09676758572657626,0.0870580523577369,0.07763529845548774,0.11340079478880741,0.13179564914580688,0.3293867016264493,0.16395591789913558,5368,2223,6265,4652,464,638,1300,3248
71,Flakstad,168.23284157066567,0,1099,inf,0.06733393994540492,0.06187443130118289,0.07643312101910828,0.11101000909918107,0.09827115559599636,0.30482256596906276,0.2802547770700637,164,144,224,244,16,23,27,192
72,Flatanger,173.2032820028496,0,824,inf,0.044902912621359224,0.0691747572815534,0.06674757281553398,0.11650485436893204,0.06796116504854369,0.345873786407767,0.28883495145631066,122,134,234,260,6,22,26,204
73,Flekkefjord,587.2137356882183,33,8397,254.45454545454547,0.08026676193878766,0.07431225437656305,0.06430868167202572,0.10217934976777421,0.1111111111111111,0.32463975229248543,0.24318208884125284,1680,748,1801,2068,103,197,302,1563
74,Flesberg,178.12141650493825,2,2517,1258.5,0.08343265792610251,0.07469209376241558,0.06158124751688518,0.09217322208978942,0.11640842272546682,0.3281684545093365,0.24354390147000396,487,227,538,590,35,100,102,433
75,Flora,442.6106853232948,31,11349,366.0967741935484,0.08282668076482509,0.08018327605956473,0.07868534672658384,0.11181601903251388,0.12450436161776368,0.3251387787470262,0.1968455370517226,2110,1017,2718,2248,265,273,550,2018
76,Flå,111.19199001470848,5,1022,204.4,0.06457925636007827,0.057729941291585124,0.05185909980430528,0.09882583170254403,0.11252446183953033,0.324853228962818,0.2896281800391389,137,93,194,226,24,39,42,267
77,Folldal,47.13379926924101,3,1437,479.0,0.060542797494780795,0.059846903270702856,0.06541405706332637,0.09255393180236604,0.08420320111343076,0.3117606123869172,0.325678496868476,235,163,292,372,9,33,54,331
78,Forsand,78.52888546843577,2,1143,571.5,0.09361329833770779,0.09273840769903761,0.07961504811898512,0.09711286089238845,0.09186351706036745,0.32545931758530183,0.21959755030621173,260,107,300,244,16,30,55,180
79,Fosnes,40.20422217992333,1,597,597.0,0.06030150753768844,0.06030150753768844,0.05862646566164154,0.08877721943048576,0.09212730318257957,0.3015075376884422,0.33835845896147404,59,62,101,178,10,20,31,110
80,Fredrikstad,659.2493379960367,183,78272,427.7158469945355,0.07450940310711365,0.07105989370400655,0.06435251430907604,0.10202882256745707,0.12063062142273098,0.33821800899427634,0.22920073589533932,12885,6307,16719,18636,1427,2187,3841,14969
81,Frogn,586.1493004770105,44,15553,353.47727272727275,0.0714974602970488,0.07496945926830836,0.06898990548447245,0.09200797273837845,0.0867999742814891,0.36539574358644633,0.2403394843438565,2544,1306,3597,3658,171,414,836,2724
82,Froland,608.6044094264433,6,5412,902.0,0.10051736881005174,0.08167036215816703,0.06707317073170732,0.10513673318551367,0.13968957871396895,0.3189209164818921,0.18699186991869918,1247,415,1204,1184,89,130,268,796
83,Frosta,79.09460527340718,5,2649,529.8,0.07701019252548132,0.07361268403171008,0.06946017365043412,0.10003775009437524,0.10305775764439411,0.319365798414496,0.2574556436391091,476,214,626,588,30,50,63,437
84,Fræna,103.88076792671114,17,9701,570.6470588235294,0.08463045046902382,0.07762086382847129,0.06607566230285537,0.10163900628801155,0.12730646325121123,0.318833109988661,0.2238944438717658,1868,863,2052,2168,158,289,447,1594
85,Frøya,447.24126908847074,7,4601,657.2857142857143,0.08476418169963051,0.06498587263638339,0.06259508802434254,0.10628124320799825,0.16322538578569876,0.3175396652901543,0.20060856335579222,906,362,849,1060,45,103,199,1017
86,Fusa,141.33251317841106,8,3687,460.875,0.0810957417954977,0.0854353132628153,0.06834825061025224,0.09438567941415785,0.0935720097640358,0.32004339571467316,0.25711960943856793,760,372,891,892,18,77,122,568
87,Fyresdal,148.84447179892098,5,1094,218.8,0.07495429616087751,0.08135283363802559,0.06581352833638025,0.10694698354661791,0.06855575868372943,0.34186471663619744,0.26051188299817185,206,81,276,292,22,6,43,258
88,Førde,370.62926664206657,48,12807,266.8125,0.09354259389396424,0.08526587022721949,0.068087764503787,0.11485906145076911,0.136175529007574,0.33130319356601856,0.17076598735066761,2762,1007,2910,2442,209,349,655,2256
89,Gamvik,1281.224550282309,4,1025,256.25,0.05268292682926829,0.041951219512195125,0.04780487804878049,0.09463414634146342,0.16682926829268294,0.3590243902439024,0.2370731707317073,107,60,122,228,17,44,49,343
90,Gaular,66.94698567437212,6,2952,492.0,0.09451219512195122,0.07892953929539295,0.06944444444444445,0.09857723577235772,0.10840108401084012,0.3079268292682927,0.24220867208672087,617,330,649,520,29,102,66,431
91,Gausdal,69.86467785183832,3,6111,2037.0,0.07167403043691703,0.06578301423662249,0.06480117820324006,0.09245622647684504,0.10816560301096384,0.3316969399443626,0.26542300769104893,929,602,1297,1512,104,197,243,1108
92,Gildeskål,119.7062782741885,5,1639,327.8,0.0701647345942648,0.06467358145210494,0.0677242220866382,0.09334960341671751,0.11470408785845028,0.312385600976205,0.2769981696156193,301,141,314,438,16,56,83,435
93,Giske,381.55981753567187,14,8027,573.3571428571429,0.0982932602466675,0.08795315809144139,0.07250529463062165,0.1022798056559113,0.12931356671234584,0.3168057804908434,0.19284913417216892,1918,628,1919,1582,131,170,341,1159
94,Gjemnes,74.80055225997245,0,2506,inf,0.07541899441340782,0.07701516360734238,0.0670391061452514,0.08419792498004788,0.11372705506783719,0.31045490822027133,0.27214684756584195,436,235,583,620,6,50,120,417
95,Gjerdrum,175.22123760983143,10,6186,618.6,0.08373747171031361,0.08551568056902684,0.07807953443258972,0.09262851600387972,0.10830908503071451,0.36113805366957646,0.19059165858389912,1145,529,1735,1334,69,154,322,879
96,Gjerstad,293.6226828942855,3,2460,820.0,0.06666666666666667,0.06300813008130081,0.06666666666666667,0.10325203252032521,0.10447154471544716,0.33455284552845527,0.2613821138211382,330,234,517,590,43,75,92,508
97,Gjesdal,153.7651736854789,25,11761,470.44,0.11776209505994388,0.0874075333730125,0.07023212311878242,0.11614658617464502,0.15695944222430067,0.319530652155429,0.13196156789388658,3253,1116,2709,2132,155,239,487,1530
98,Gjøvik,259.0631648155075,86,29695,345.2906976744186,0.07614076443845766,0.06795756861424482,0.0592692372453275,0.10836841219060447,0.12039063815457147,0.3286075096817646,0.23926586967502947,5174,2025,5935,7812,318,717,1335,6365
99,Gloppen,108.56384793743116,17,5526,325.05882352941177,0.07709011943539631,0.08215707564241766,0.0727470141150923,0.10550126673905176,0.09265291349981904,0.3041983351429606,0.2656532754252624,972,613,1237,1176,87,147,241,1014
100,Gol,134.01473232071376,25,4621,184.84,0.06708504652672581,0.06773425665440382,0.06621943302315517,0.08785977061242155,0.12486474789006709,0.3300151482363125,0.2562215970569141,689,311,907,1078,86,123,211,1037
101,Gran,124.57317888008522,37,13433,363.05405405405406,0.07221022854165116,0.0696047048313854,0.06446810094543289,0.09431995831162064,0.10637981091342216,0.341398049579394,0.25161914687709375,2155,1066,2940,3142,164,422,587,2649
102,Grane,139.22552549361626,3,1399,466.3333333333333,0.06004288777698356,0.06933523945675482,0.07290922087205147,0.08005718370264475,0.12365975696926376,0.31236597569692637,0.2816297355253753,209,72,294,374,15,41,77,317
103,Granvin,112.85146576487362,1,845,845.0,0.06272189349112427,0.06153846153846154,0.06390532544378698,0.08875739644970414,0.15502958579881657,0.285207100591716,0.2828402366863905,106,121,165,228,12,12,30,152
104,Gratangen,160.9641460977277,3,1078,359.3333333333333,0.06029684601113173,0.06029684601113173,0.06029684601113173,0.09833024118738404,0.10667903525046382,0.3172541743970315,0.29684601113172543,135,94,218,242,6,44,52,269
105,Grimstad,649.780621943618,61,22227,364.37704918032784,0.0859765150492644,0.07900301435191434,0.06955504566518199,0.12106897017141315,0.1266027804022135,0.31857650605119897,0.1992171683088136,4477,1742,5133,5144,237,534,978,4092
106,Grong,79.44384964293677,14,2316,165.42857142857142,0.0807426597582038,0.06347150259067358,0.07124352331606218,0.11398963730569948,0.1040587219343696,0.3113126079447323,0.2551813471502591,382,139,431,582,53,46,96,515
107,Grue,56.261893499234546,13,4474,344.15384615384613,0.048502458649977646,0.057890031291908804,0.058113544926240504,0.08560572194903888,0.08247653106839517,0.3366115333035315,0.33080017881090745,407,373,752,1234,60,172,174,1100
108,Gulen,73.8297710186964,10,2230,223.0,0.07219730941704036,0.07040358744394619,0.06681614349775784,0.10672645739910314,0.10896860986547086,0.3134529147982063,0.26143497757847534,388,236,514,512,10,59,56,393
109,Guovdageaidnu - Kautokeino,430.4117906377935,4,2472,618.0,0.08333333333333333,0.07605177993527508,0.058656957928802586,0.10881877022653721,0.13551779935275082,0.3321197411003236,0.20550161812297735,413,367,447,276,96,198,148,424
110,Gáivuotna - Kåfjord,142.63356333589445,6,1863,310.5,0.061191626409017714,0.061191626409017714,0.05099302200751476,0.1025228126677402,0.1111111111111111,0.31615673644659154,0.29683306494900696,242,217,406,416,34,112,55,492
111,Hadsel,246.61214844789282,24,7783,324.2916666666667,0.07490684825902608,0.06681228318129256,0.06771167930104073,0.10381600925093151,0.11101117820891687,0.3108056019529744,0.2649363998458178,1276,692,1528,1822,170,211,368,1626
112,Halden,330.88134635590274,70,30359,433.7,0.07490365295299582,0.07006159623175993,0.062287954148687374,0.10230903521196351,0.12256661945386871,0.3271846898777957,0.24068645212292894,4881,2295,6118,7488,612,861,1475,6161
113,Halsa,75.77484281472096,4,1449,362.25,0.05452035886818495,0.06901311249137336,0.062111801242236024,0.07246376811594203,0.09385783298826778,0.32643202208419597,0.32160110420979987,186,136,259,434,8,49,74,287
114,Hamar,417.8085588784729,80,29950,374.375,0.06824707846410684,0.06530884808013356,0.05829716193656093,0.10313856427378965,0.1188313856427379,0.32176961602671117,0.2644073455759599,4500,2039,5585,7648,372,845,1453,6823
115,Hammerfest,1709.6469834342686,40,10215,255.375,0.08556045031815956,0.07283406754772394,0.05863925599608419,0.11443954968184043,0.1632892804698972,0.3231522271169848,0.18208516886930984,1937,702,1954,2006,233,308,566,2249
116,Haram,291.854535888321,14,9072,648.0,0.08057760141093474,0.07341269841269842,0.07153880070546738,0.09402557319223986,0.111331569664903,0.32341269841269843,0.2457010582010582,1690,802,2036,2178,120,172,355,1461
117,Hareid,589.0498180609502,12,5036,419.6666666666667,0.08836378077839555,0.07307386814932486,0.0726767275615568,0.1096108022239873,0.13204924543288324,0.312549642573471,0.21167593328038126,1007,429,1024,1080,93,115,257,931
118,Harstad,518.1046731653998,82,24275,296.0365853658537,0.08057672502574666,0.0698249227600412,0.060556127703398556,0.10966014418125644,0.11979402677651906,0.3260144181256437,0.23357363542739443,4361,1956,4895,5708,385,766,1105,4849
119,Hasvik,957.3772385148894,1,1056,1056.0,0.07007575757575757,0.05397727272727273,0.05397727272727273,0.0928030303030303,0.13446969696969696,0.3475378787878788,0.2471590909090909,168,71,114,232,19,50,68,288
120,Hattfjelldal,84.18107655745965,1,1274,1274.0,0.061224489795918366,0.06671899529042387,0.07221350078492936,0.09183673469387756,0.11616954474097331,0.29748822605965464,0.2943485086342229,209,148,306,356,12,28,43,254
121,Haugesund,1480.5135795676013,113,36192,320.283185840708,0.08291887709991158,0.07236405835543766,0.0625,0.11101900972590628,0.13900862068965517,0.3324215296198055,0.19976790450928383,6723,2304,7157,7862,621,890,1913,8313
122,Hemne,144.6891212672056,5,4088,817.6,0.07436399217221135,0.06824853228962818,0.07216242661448141,0.11350293542074363,0.10053816046966732,0.3138454011741683,0.2573385518590998,676,317,884,1024,71,97,234,763
123,Hemnes,141.35139964131392,6,4365,727.5,0.06895761741122566,0.06987399770904926,0.06391752577319587,0.10515463917525773,0.10240549828178694,0.3124856815578465,0.27720504009163804,672,351,975,1042,85,109,235,843
124,Hemsedal,113.97986595852211,17,2230,131.1764705882353,0.08520179372197309,0.07130044843049327,0.07130044843049327,0.09910313901345291,0.13946188340807175,0.34573991031390133,0.18789237668161435,421,167,464,484,35,51,140,553
125,Herøy,427.5434065001328,31,10420,336.1290322580645,0.07898272552783109,0.07418426103646833,0.06612284069097889,0.09654510556621881,0.12408829174664107,0.3302303262955854,0.2298464491362764,1930,919,2429,2388,101,292,363,1768
126,Hitra,205.65930441669335,18,4084,226.88888888888889,0.07566111655239961,0.06537708129285015,0.06758080313418217,0.09867776689520079,0.13491674828599412,0.31562193927522036,0.2421645445641528,618,323,801,936,83,86,202,947
127,Hjartdal,95.81042151708357,5,1653,330.6,0.06594071385359952,0.06412583182093164,0.06836055656382335,0.08590441621294616,0.11312764670296431,0.31518451300665457,0.28735632183908044,277,152,374,352,11,50,28,292
128,Hjelmeland,53.017713683790575,5,2580,516.0,0.09263565891472868,0.08488372093023255,0.07713178294573643,0.08294573643410853,0.1065891472868217,0.3174418604651163,0.23837209302325582,599,177,671,616,7,21,48,442
129,Hobøl,127.8885474935163,4,5276,1319.0,0.0881349507202426,0.07202426080363912,0.060462471569370735,0.09874905231235785,0.1302122820318423,0.3550037907505686,0.19541319181197878,1068,409,1103,1240,105,125,280,926
130,Hof,141.11538096356668,3,3116,1038.6666666666667,0.07220795892169447,0.07477535301668806,0.06546854942233633,0.08793324775353016,0.10012836970474968,0.365211810012837,0.2342747111681643,468,202,753,778,65,88,123,601
131,Hol,200.98852616906012,25,4255,170.2,0.061339600470035255,0.06110458284371328,0.05898942420681551,0.0944770857814336,0.12925969447708577,0.3316098707403055,0.26321974148061106,580,365,859,1086,46,122,203,1062
132,Hole,220.4962010587472,7,6300,900.0,0.09666666666666666,0.07809523809523809,0.06031746031746032,0.08253968253968254,0.10587301587301587,0.3607936507936508,0.21571428571428572,1388,464,1393,1432,67,166,260,990
133,Holmestrand,370.34076240234447,23,10503,456.6521739130435,0.07512139388746072,0.06750452251737599,0.06207750166619061,0.09521089212605922,0.1160620775016662,0.33733219080262783,0.24669142149861945,1785,804,2098,2692,159,251,545,2068
134,Holtålen,123.07281860591914,3,1390,463.3333333333333,0.05755395683453238,0.06330935251798561,0.07625899280575539,0.10503597122302158,0.09496402877697842,0.30071942446043165,0.302158273381295,192,223,436,472,22,49,92,348
135,Hornindal,84.36088417730485,6,1183,197.16666666666666,0.0760777683854607,0.0760777683854607,0.08199492814877431,0.10819949281487742,0.09721048182586645,0.3153000845308538,0.2451394759087067,185,170,323,194,8,36,40,162
136,Horten,764.2024228006162,71,27143,382.2957746478873,0.07585749548686586,0.06988910584681134,0.06299966842279778,0.10382050620786207,0.1179678001694728,0.3340087683749033,0.2354566554912869,4595,2043,5460,6800,409,749,1354,5512
137,Hurdal,255.10451697795787,3,2820,940.0,0.07872340425531915,0.06489361702127659,0.0673758865248227,0.09539007092198581,0.11170212765957446,0.32978723404255317,0.2521276595744681,467,248,518,698,80,89,106,537
138,Hurum,369.17678631647414,21,9149,435.6666666666667,0.07345065034429993,0.07115531752104055,0.06918788938681823,0.08700404415783146,0.0969504863919554,0.3456115422450541,0.2566400699530003,1498,743,2087,2310,116,286,456,1606
139,Hvaler,694.3709107965566,6,4164,694.0,0.059558117195004805,0.062199807877041303,0.06484149855907781,0.07949087415946206,0.08525456292026898,0.361671469740634,0.28698366954851107,557,392,810,1224,38,109,143,730
140,Hyllestad,76.59424310704149,1,1234,1234.0,0.04862236628849271,0.06239870340356564,0.07698541329011345,0.08833063209076175,0.06239870340356564,0.3354943273905997,0.32576985413290116,149,96,330,340,8,36,35,268
141,Hábmer - Hamarøy,232.7303052833712,4,1337,334.25,0.07329842931937172,0.05759162303664921,0.0605833956619297,0.11667913238593867,0.11069558713537771,0.31039640987284967,0.2707554225878833,236,145,207,396,49,49,61,425
142,Hå,120.27671986053112,28,18519,661.3928571428571,0.10956315135806469,0.08790971434742696,0.07198012851665857,0.10999514012635671,0.15373400291592418,0.30331011393703766,0.16350774879853125,4645,1339,4354,3706,290,278,686,2868
143,Hægebostad,88.57617088402208,2,1608,804.0,0.09390547263681592,0.07835820895522388,0.07027363184079602,0.10696517412935323,0.14303482587064675,0.2972636815920398,0.21019900497512436,311,101,365,312,4,14,18,207
144,Høyanger,273.5617335646714,11,3877,352.45454545454544,0.06860974980655146,0.07428424039205571,0.07634769151405726,0.10807325251483106,0.08460149600206344,0.3396956409595048,0.2483879288109363,615,354,822,898,51,113,268,809
145,Høylandet,44.94595594513949,0,1223,inf,0.07849550286181521,0.08830744071954211,0.07604251839738348,0.0776778413736713,0.07849550286181521,0.29762878168438267,0.30335241210139,200,101,316,304,14,8,51,177
146,Ibestad,105.46682356010126,2,1102,551.0,0.050816696914700546,0.05989110707803993,0.06805807622504537,0.09891107078039928,0.09074410163339383,0.3030852994555354,0.32849364791288566,131,117,159,382,13,37,77,368
147,Inderøy,71.59083839821487,10,6673,667.3,0.07732653978720216,0.07747639742244868,0.07148209201258804,0.10160347669713772,0.09950546980368649,0.3202457665218043,0.2523602577551326,1183,523,1463,1736,77,154,322,1021
148,Iveland,245.5752548185308,1,1197,1197.0,0.11278195488721804,0.07602339181286549,0.06265664160401002,0.10442773600668337,0.1361737677527151,0.3191311612364244,0.18880534670008353,291,84,215,280,34,23,43,180
149,Jevnaker,255.503937424436,10,6432,643.2,0.07462686567164178,0.07105099502487562,0.06545398009950248,0.09359452736318408,0.11054104477611941,0.3369092039800995,0.2478233830845771,1106,493,1387,1634,71,207,335,1150
150,Jondal,149.00445234798516,4,1045,261.25,0.07272727272727272,0.06985645933014355,0.06028708133971292,0.10813397129186603,0.07942583732057416,0.29282296650717704,0.3167464114832536,173,91,226,232,0,28,18,206
151,Jølster,81.92236980068797,8,2858,357.25,0.08642407277816655,0.08292512246326102,0.0794261721483555,0.10251924422673198,0.11546536039188243,0.31245626312106367,0.22078376487053883,576,215,686,568,45,89,121,531
152,Karlsøy,533.0080377499198,0,1697,inf,0.05951679434295816,0.05657041838538598,0.06305244549204478,0.09723040659988215,0.13317619328226282,0.3182086034177961,0.27224513847967,252,213,340,494,32,91,64,419
153,Karmøy,427.3737868700982,92,41759,453.9021739130435,0.09281831461481357,0.08046169687971455,0.07114633971119998,0.10642017289686055,0.12655954405038436,0.3197394573624847,0.20285447448454225,8873,3406,9763,9186,782,871,1821,6414
154,Klepp,200.69845384844754,25,18721,748.84,0.10405427060520271,0.08877730890443887,0.07723946370386198,0.11313498210565674,0.14347524170717377,0.3153143528657657,0.15800438010790022,4517,1589,4764,3604,328,353,737,2667
155,Klæbu,362.4025617901393,6,5967,994.5,0.09602815485168427,0.09317915200268141,0.08429696664990782,0.10474275180157533,0.11982570806100218,0.3407072230601642,0.16122004357298475,1309,395,1737,1150,108,138,332,777
156,Kongsberg,399.59202955327873,73,26727,366.1232876712329,0.07973210610992629,0.07247352864144872,0.06038837130991133,0.09686833539117747,0.1336850376024245,0.3304523515546077,0.22640026939050398,4875,1863,5566,6400,308,670,1266,5391
157,Kongsvinger,225.21148474247923,46,16823,365.7173913043478,0.06907210366759793,0.06526778814717946,0.05973964215657136,0.09665339119063188,0.10075491886108304,0.3272900196160019,0.28122213636093446,2441,1279,3177,4358,294,480,881,3843
158,Kragerø,1139.1353291922283,31,9659,311.5806451612903,0.063257065948856,0.06429236981053939,0.06004762397763744,0.09700797183973496,0.09576560720571488,0.3285019153121441,0.2911274459053732,1329,742,1797,2528,132,267,475,2120
159,Kristiansand,2078.8841384319453,214,87616,409.42056074766356,0.08731281957633309,0.07446128560993426,0.06406364134404675,0.11804921475529584,0.1418804784514244,0.32339983564645725,0.1908327246165084,17298,6425,17940,19738,1418,2215,4044,18268
160,Kristiansund,1597.2994148559874,66,23960,363.030303030303,0.07512520868113523,0.06953255425709516,0.06256260434056761,0.10229549248747913,0.13401502504173624,0.3231636060100167,0.23330550918196996,3970,1768,4838,5610,472,652,1182,5020
161,Krødsherad,165.9836558276325,5,1919,383.8,0.08389786347055758,0.06565919749869724,0.05680041688379364,0.06930693069306931,0.1344450234497134,0.3282959874934862,0.26159458051068263,343,154,351,452,27,92,60,446
162,Kvalsund,375.72906697032306,3,763,254.33333333333334,0.061598951507208385,0.05242463958060288,0.061598951507208385,0.09698558322411534,0.11402359108781127,0.2804718217562254,0.3328964613368283,105,85,123,172,7,18,37,200
163,Kvam,210.5591665696809,23,8010,348.2608695652174,0.08214731585518102,0.07578027465667915,0.06367041198501873,0.099625468164794,0.10724094881398252,0.3132334581772784,0.2583021223470662,1581,718,1896,1886,60,157,190,1406
164,Kvinesdal,181.6013337324117,13,5728,440.61538461538464,0.08729050279329609,0.07716480446927375,0.0625,0.11033519553072625,0.12447625698324022,0.32489525139664804,0.21333798882681565,1141,482,1209,1296,102,86,274,1138
165,Kvinnherad,222.03638864993968,36,12426,345.1666666666667,0.07814260421696442,0.07717688717205859,0.07476259455979398,0.09898599710284886,0.10574601641718977,0.31554804442298406,0.2496378561081603,2193,1051,2918,2988,203,311,583,2263
166,Kviteseid,184.85403443975576,14,2252,160.85714285714286,0.05461811722912966,0.05994671403197158,0.06127886323268206,0.09147424511545293,0.10568383658969804,0.34991119005328597,0.27708703374777977,297,289,443,604,13,47,81,506
167,Kvitsøy,199.21930072537424,0,429,inf,0.06293706293706294,0.08624708624708624,0.07226107226107226,0.09557109557109557,0.09557109557109557,0.3333333333333333,0.2540792540792541,60,52,142,124,6,10,0,76
168,Kvæfjord,183.0151576089929,1,2878,2878.0,0.06254343293954134,0.06462821403752605,0.07922168172341904,0.11779013203613621,0.09937456567060458,0.3085476025017373,0.2678943710910354,390,233,590,712,67,152,123,568
169,Kvænangen,138.9392733457819,1,904,904.0,0.059734513274336286,0.06084070796460177,0.07079646017699115,0.11172566371681415,0.07964601769911504,0.3185840707964602,0.29867256637168144,106,104,212,228,18,52,26,237
170,Kárá?johka - Karasjok,231.02023515241535,9,2558,284.22222222222223,0.05746677091477717,0.0656763096168882,0.07505863956215794,0.1235340109460516,0.11767005473025802,0.33541829554339325,0.2251759186864738,275,316,531,382,98,228,162,506
171,Lardal,72.9522806498722,3,2474,824.6666666666666,0.07477768795472918,0.07235246564268391,0.06224737267582862,0.08447857720291027,0.11115602263540825,0.3581244947453517,0.2368633791430881,399,180,531,644,13,54,128,442
172,Larvik,362.32247912137404,102,43119,422.7352941176471,0.07207959368259932,0.06925021452260025,0.06424082191145435,0.09571186715832927,0.11296644170783181,0.3340290823071036,0.2517219787100814,6983,3492,8696,10902,700,1298,2157,8337
173,Lebesby,934.9173646021068,5,1096,219.2,0.058394160583941604,0.072992700729927,0.07481751824817519,0.08576642335766424,0.1386861313868613,0.3156934306569343,0.25364963503649635,168,86,210,206,6,46,79,317
174,Leikanger,432.88240518640856,2,2118,1059.0,0.08545797922568461,0.08687440982058546,0.06515580736543909,0.09159584513692162,0.09584513692162418,0.32341831916902736,0.2516525023607177,429,163,526,548,47,59,85,340
175,Leirfjord,73.33514512837814,3,1992,664.0,0.09839357429718876,0.07329317269076305,0.056726907630522086,0.09387550200803213,0.13654618473895583,0.3192771084337349,0.22188755020080322,504,231,369,464,19,40,55,403
176,Leka,37.64975039658864,2,425,212.5,0.06352941176470588,0.06823529411764706,0.08,0.09176470588235294,0.04470588235294118,0.3129411764705882,0.3388235294117647,41,56,92,174,9,14,8,100
177,Leksvik,120.42311488094013,9,3304,367.1111111111111,0.07384987893462469,0.07869249394673124,0.06809927360774819,0.08535108958837773,0.10472154963680387,0.3075060532687651,0.2817796610169492,627,240,765,938,26,52,148,621
178,Lenvik,303.41849647610735,53,11091,209.26415094339623,0.08096654945451266,0.079614101523758,0.07916328554683978,0.10720403931115319,0.11261383103417186,0.3186367324857993,0.2218014606437652,2168,843,2313,2374,226,355,682,2185
179,Lesja,35.1360088575743,4,1923,480.75,0.0686427457098284,0.07384295371814872,0.0717628705148206,0.09308372334893396,0.11440457618304732,0.30993239729589184,0.26833073322932915,281,168,440,460,12,72,64,391
180,Levanger,109.90747259441258,47,19355,411.8085106382979,0.08359597003358306,0.07662102815809868,0.0652544562128649,0.1138723843967967,0.12286230948075433,0.31624903125807285,0.2215448204598295,3642,1465,4217,4982,268,397,840,3398
181,Lier,346.36627994713274,43,25331,589.0930232558139,0.08795546958272472,0.07946784572263235,0.06711144447514902,0.09383759030437014,0.1102601555406419,0.3571513165686313,0.20421617780585055,5002,2229,6006,5412,288,632,1142,4124
182,Lierne,65.62550864948021,5,1351,270.2,0.05995558845299778,0.07179866765358993,0.07549962990377498,0.09104367135455219,0.10066617320503331,0.29829755736491487,0.3027387120651369,166,137,336,312,0,25,26,282
183,Lillehammer,441.03906442155574,83,27412,330.26506024096386,0.06985991536553335,0.06599299576827666,0.05898876404494382,0.1187800963081862,0.1229753392674741,0.3212461695607763,0.24215671968480956,4319,1950,5574,7272,223,736,1138,6222
184,Lillesand,1080.1480885848755,22,9509,432.22727272727275,0.09433168577137449,0.08097591755179304,0.06635818698075507,0.09527815753496688,0.11967609632979283,0.3230623619728678,0.2203175938584499,1959,775,2064,2106,170,217,377,1525
185,Lindesnes,260.6714152347416,9,4606,511.77777777777777,0.09161962657403387,0.08011289622231871,0.06795484151107252,0.0985670864090317,0.12462006079027356,0.3124185844550586,0.22470690403821103,1001,278,965,1132,87,80,175,792
186,Lindås,217.3330364592823,41,15235,371.5853658536585,0.09681654085986216,0.0853298326222514,0.07174269773547752,0.09970462750246144,0.11683623235969806,0.3115851657367903,0.21798490318345914,3420,1186,3490,3482,201,438,652,2278
187,Loabák - Lavangen,146.77687678569546,1,980,980.0,0.09081632653061225,0.08673469387755102,0.06224489795918367,0.09489795918367347,0.07346938775510205,0.3,0.29183673469387755,184,95,198,214,50,40,32,199
188,Lom,90.4308960196118,8,2210,276.25,0.0665158371040724,0.0665158371040724,0.060180995475113123,0.09683257918552036,0.10135746606334842,0.33710407239819007,0.27149321266968324,335,294,454,552,13,79,58,410
189,Loppa,1107.5603942972793,4,718,179.5,0.04874651810584958,0.04317548746518106,0.057103064066852366,0.0988857938718663,0.10167130919220056,0.33008356545961004,0.3203342618384401,75,76,125,174,13,35,26,194
190,Lund,103.82663797003143,4,3061,765.25,0.09604704344985299,0.08167265599477296,0.07709898725906567,0.10944135903299575,0.11042143090493303,0.3149297615158445,0.21038876184253513,681,291,680,666,48,80,130,513
191,Lunner,204.2901369101963,8,8802,1100.25,0.0815723699159282,0.0761190638491252,0.065439672801636,0.09168370824812543,0.11122472165416951,0.3507157464212679,0.22324471710974778,1596,785,1863,2126,158,234,452,1480
192,Lurøy,224.6769588302797,8,1714,214.25,0.08518086347724621,0.06826137689614936,0.061843640606767794,0.08868144690781797,0.12252042007001167,0.29346557759626607,0.28004667444574094,311,121,365,440,46,38,57,359
193,Luster,100.86310726239657,8,4124,515.5,0.07686711930164888,0.07250242483026188,0.06789524733268672,0.10402521823472356,0.0979631425800194,0.3120756547041707,0.26867119301648884,751,508,960,1002,34,131,127,750
194,Lyngdal,387.3494982465903,35,8328,237.94285714285715,0.101104707012488,0.09161863592699328,0.07612872238232468,0.10698847262247839,0.11875600384245917,0.3021133525456292,0.20329010566762729,1805,532,2071,1782,175,176,366,1327
195,Lyngen,108.90602268297064,6,2572,428.6666666666667,0.053265940902021774,0.06765163297045101,0.06531881804043546,0.09253499222395023,0.08475894245723173,0.31609642301710733,0.3203732503888025,301,287,592,624,31,136,115,597
196,Lærdal,109.46292115851512,5,2024,404.8,0.06324110671936758,0.06719367588932806,0.06620553359683795,0.09881422924901186,0.09337944664031621,0.3359683794466403,0.27519762845849804,254,207,463,488,38,83,69,382
197,Lødingen,310.756892161297,7,1972,281.7142857142857,0.060851926977687626,0.0603448275862069,0.06490872210953347,0.08874239350912778,0.10141987829614604,0.32302231237322515,0.30070993914807304,261,173,350,566,44,55,99,445
198,Lørenskog,1904.7633721183522,53,36191,682.8490566037735,0.08236854466580089,0.07659362825011744,0.06808322511121549,0.09983144980796331,0.12674421817578957,0.34779365035506066,0.19858528363405267,6747,3088,8452,7468,611,1018,1674,6379
199,Løten,128.2254247904199,13,7524,578.7692307692307,0.07402977139819245,0.06725146198830409,0.06140350877192982,0.09502923976608187,0.11656034024455077,0.3355927698032961,0.2501329080276449,1261,657,1378,1940,110,222,403,1350
200,Malvik,544.1736515785092,18,13480,748.8888888888889,0.09458456973293769,0.08560830860534124,0.07633531157270029,0.09888724035608308,0.12321958456973293,0.3460682492581602,0.17529673590504452,3007,1212,3449,2736,144,317,626,1819
201,Mandal,898.3256309368808,62,14653,236.33870967741936,0.08189449259537296,0.0779362587865966,0.07008803657954002,0.10496144134306967,0.11697263359039105,0.3225960554152733,0.22555108168975638,2679,963,3280,3388,255,319,713,2795
202,Marker,68.27798874345598,5,3597,719.4,0.06533222129552405,0.061718098415346125,0.0644981929385599,0.09480122324159021,0.0936891854323047,0.3299972199054768,0.28996385877119824,543,278,681,1048,29,57,116,683
203,Marnardal,131.01934949023834,1,2014,2014.0,0.0913604766633565,0.08093346573982126,0.07100297914597815,0.11916583912611718,0.10228401191658391,0.32770605759682225,0.20754716981132076,416,163,509,496,51,53,62,395
204,Masfjorden,189.8459643818877,2,1678,839.0,0.07270560190703218,0.07270560190703218,0.06436233611442194,0.0935637663885578,0.09773539928486293,0.31883194278903454,0.2800953516090584,281,195,329,404,17,40,57,264
205,Meland,369.2213089051298,9,7713,857.0,0.10877738882406326,0.09088551795669648,0.07234539089848308,0.10190587320108907,0.1432646181771036,0.30869959808116165,0.17412161286140282,1904,633,1985,1582,104,157,293,983
206,Meldal,104.54016051283412,7,3806,543.7142857142857,0.08039936941671046,0.06699947451392538,0.06121912769311613,0.09590120861797162,0.10903836048344719,0.315028901734104,0.27141355754072516,679,344,775,998,50,94,133,706
207,Melhus,151.0522003378558,23,15658,680.7826086956521,0.09241282411546813,0.0816834844807766,0.06993230297611444,0.10441946608762294,0.12019414995529441,0.32507344488440415,0.20628432750031933,3325,1415,3691,3376,165,423,768,2298
208,Meløy,271.4800372617238,22,6290,285.90909090909093,0.07885532591414944,0.06883942766295707,0.07440381558028616,0.10763116057233704,0.10810810810810811,0.31717011128775835,0.24499205087440382,1124,480,1254,1542,118,157,287,1211
209,Meråker,156.3941034978358,1,2430,2430.0,0.06790123456790123,0.06296296296296296,0.0728395061728395,0.10246913580246914,0.10082304526748971,0.3172839506172839,0.2757201646090535,357,242,402,568,44,66,140,497
210,Midsund,213.25182888783297,5,2002,400.4,0.09090909090909091,0.08191808191808192,0.07792207792207792,0.08841158841158842,0.09940059940059941,0.30569430569430567,0.25574425574425574,406,134,424,492,37,69,129,320
211,Midtre Gauldal,91.59253630353558,10,5930,593.0,0.08246205733558179,0.06610455311973018,0.0657672849915683,0.10590219224283305,0.1406408094435076,0.31736930860033724,0.22175379426644182,1154,605,1258,1314,71,167,184,1195
212,Modalen,131.49467435422397,0,382,inf,0.07853403141361257,0.09947643979057591,0.06544502617801047,0.08638743455497382,0.10471204188481675,0.3403141361256545,0.225130890052356,72,53,81,54,0,17,26,58
213,Modum,173.102335320225,26,13835,532.1153846153846,0.07705095771593784,0.06707625587278641,0.060787856884712686,0.0862305746295627,0.12555113841705817,0.3392844235634261,0.24401879291651607,2421,1019,2549,3372,260,442,622,2751
214,Molde,727.3609065059903,88,26718,303.6136363636364,0.07964668014072909,0.06961598922075006,0.06280410210345086,0.10790478329216259,0.12815330488809043,0.32356463807171193,0.228310502283105,4899,2082,5364,6290,288,700,1177,5231
215,Moskenes,1247.8299560706994,4,981,245.25,0.04994903160040775,0.05402650356778797,0.07033639143730887,0.07849133537206932,0.10397553516819572,0.3363914373088685,0.3068297655453619,106,76,201,256,22,32,28,234
216,Moss,1678.7216662255512,86,31900,370.93023255813955,0.07636363636363637,0.06893416927899687,0.06163009404388715,0.09554858934169279,0.11990595611285267,0.3364576802507837,0.24115987460815047,5296,2119,6145,7422,634,984,1683,6998
217,Målselv,147.00353583015183,18,6673,370.72222222222223,0.07447924471751836,0.06773565113142514,0.06323992207402968,0.127828562865278,0.14386332983665517,0.2995654128577851,0.22328787651730855,1113,517,1297,1494,99,222,294,1347
218,Måsøy,1294.9194325637857,8,946,118.25,0.05813953488372093,0.05708245243128964,0.06342494714587738,0.09936575052854123,0.11839323467230443,0.313953488372093,0.28964059196617337,127,80,212,210,14,28,34,269
219,Namdalseid,41.71294834002353,1,1515,1515.0,0.06864686468646865,0.06798679867986798,0.06666666666666667,0.08448844884488449,0.08778877887788779,0.3240924092409241,0.30033003300330036,255,162,280,418,12,45,84,284
220,Namsos,473.23309677757635,39,12681,325.15384615384613,0.08390505480640328,0.07633467392161501,0.07113003706332308,0.11166311805062692,0.12144152669347844,0.30936046053150384,0.22616512893304944,2396,876,2787,2842,299,312,711,2264
221,Namsskogan,94.70432390000944,3,760,253.33333333333334,0.05921052631578947,0.06184210526315789,0.07763157894736843,0.08947368421052632,0.07894736842105263,0.3236842105263158,0.3092105263157895,75,35,189,210,0,14,28,135
222,Nannestad,166.28610249459035,18,12060,670.0,0.08441127694859038,0.08349917081260365,0.07048092868988391,0.09469320066334992,0.13441127694859037,0.3527363184079602,0.17976782752902157,2310,977,2964,2510,206,289,624,2083
223,Narvik,1332.4042449733254,67,18077,269.8059701492537,0.07429330087957073,0.0641146207888477,0.05869336726226697,0.1142888753664878,0.1347568733750069,0.3185263041433866,0.23532665818443327,3165,1495,3433,4396,254,401,759,3921
224,Naustdal,104.00378463245706,1,2729,2729.0,0.0923415170392085,0.07878343715646757,0.06925613777940638,0.10699890069622572,0.10699890069622572,0.3096372297544888,0.23598387687797728,585,277,592,588,64,74,86,461
225,Nedre Eiker,1215.3330400327748,41,24202,590.2926829268292,0.0838773655069829,0.07672919593422031,0.0698702586563094,0.09788447235765639,0.13482356830014047,0.3381538715808611,0.19866126766382944,4583,2133,5602,5166,423,775,1314,3881
226,Nes,117.29017265931905,40,23997,599.925,0.07775971996499563,0.06909196982956203,0.06621661040963454,0.09663707963495437,0.12209859565779056,0.3511272242363629,0.2170688002667,4268,2019,5219,5722,301,738,1045,4118
227,Nesna,145.13288254251532,6,1622,270.3333333333333,0.08631319358816276,0.0721331689272503,0.08076448828606658,0.1282367447595561,0.0998766954377312,0.32675709001233044,0.2059186189889026,333,115,328,508,15,34,75,487
228,Nesodden,1075.2469991156918,38,18300,481.57894736842104,0.08721311475409836,0.08349726775956284,0.0726775956284153,0.0921311475409836,0.09530054644808743,0.3675956284153005,0.20158469945355192,3627,1739,4570,3464,253,622,914,2820
229,Nesset,96.5979208135029,6,2950,491.6666666666667,0.06508474576271187,0.06305084745762712,0.061016949152542375,0.09830508474576272,0.11389830508474576,0.32745762711864407,0.2711864406779661,447,318,646,666,20,80,70,494
230,Nissedal,224.22481765795135,3,1302,434.0,0.08602150537634409,0.06912442396313365,0.0629800307219662,0.09370199692780339,0.1152073732718894,0.32872503840245776,0.24423963133640553,241,158,205,284,25,28,30,241
231,Nittedal,733.5493364666902,32,22176,693.0,0.09090909090909091,0.08667027417027418,0.07517135642135642,0.09523809523809523,0.10321969696969698,0.3666125541125541,0.1821789321789322,4575,1979,5880,4266,277,659,1288,3308
232,Nome,148.7156938879244,13,6491,499.3076923076923,0.0639346787860114,0.06470497612078262,0.06424279771991989,0.09551686951163149,0.1104606378061932,0.3327684486211678,0.2683715914342936,900,513,1345,1574,85,182,321,1342
233,Nord-Aurdal,167.00300481727092,27,6319,234.03703703703704,0.06599145434404177,0.06488368412723532,0.05887007437885741,0.09637600886216173,0.11299256211425858,0.32742522551036557,0.2734609906630796,971,414,1256,1548,45,205,291,1440
234,Nord-Fron,97.66581626243939,21,5724,272.57142857142856,0.06411600279524808,0.06481481481481481,0.06429070580013976,0.09556254367575122,0.09626135569531796,0.3293151642208246,0.2856394129979036,763,497,1151,1382,63,174,254,1216
235,Nord-Odal,134.92252487680867,9,5141,571.2222222222222,0.05874343512935227,0.06302275821824548,0.06535693444855087,0.07994553588795954,0.11067885625364715,0.3291188484730597,0.293133631589185,680,420,1037,1358,58,152,206,1055
236,Norddal,88.7017225070492,9,1561,173.44444444444446,0.057014734144778985,0.07751441383728379,0.0877642536835362,0.09417040358744394,0.08648302370275464,0.3164638052530429,0.2805893657911595,259,121,387,382,5,56,39,305
237,Nordkapp,2066.514378704135,16,2892,180.75,0.0656984785615491,0.0698478561549101,0.06154910096818811,0.10650069156293222,0.11583679114799447,0.34024896265560167,0.24031811894882435,405,258,576,564,43,75,172,694
238,Nordre Land,106.06471552550616,20,6789,339.45,0.06790396229194284,0.061717484165561935,0.06348504934452791,0.10001472970982471,0.10016202680807187,0.3381941375754898,0.26852261010458095,1032,584,1240,1708,101,225,330,1328
239,Nordreisa,170.96958670741768,19,4763,250.68421052631578,0.07684232626495906,0.0751627125761075,0.06277556162082722,0.10938484148645812,0.12156204073063195,0.3094688221709007,0.24480369515011546,775,418,975,898,119,200,253,1005
240,Nore og Uvdal,119.60658097586227,5,2361,472.2,0.06437950021177467,0.06819144430326134,0.07073274036425244,0.10419313850063533,0.09021601016518424,0.32952138924184665,0.27276577721304535,360,243,500,578,31,65,73,509
241,Notodden,352.2741540729892,42,12635,300.8333333333333,0.07376335575781559,0.06711515631183221,0.0594380688563514,0.0997229916897507,0.12196280174119509,0.3287692916501781,0.24922833399287692,2091,900,2231,3082,220,353,652,2795
242,Nærøy,100.82066853982208,8,4581,572.625,0.08578912901113293,0.06767081423270029,0.07116350141890417,0.10630866623008077,0.12158917266972277,0.3145601397074875,0.23291857672997163,873,381,970,1090,93,103,197,903
243,Nøtterøy,859.2226033459625,24,21462,894.25,0.07706644301556238,0.07455036809244246,0.0684931506849315,0.09519150125803746,0.1002702450843351,0.3405554002422887,0.2438728916224024,3624,1636,4712,5154,399,648,1099,3680
244,Odda,1017.5497220525236,22,6556,298.0,0.06696156192800488,0.0599450884685784,0.06055521659548505,0.1015863331299573,0.10707748627211715,0.33740085417937765,0.26647345942647954,1016,550,1280,1666,132,215,240,1486
245,Oppdal,71.0788456391678,20,6734,336.7,0.0795960795960796,0.06994356994356994,0.0648945648945649,0.09548559548559549,0.11330561330561331,0.3198693198693199,0.2569052569052569,1038,472,1299,1364,73,157,237,1152
246,Oppegård,2510.1528166231697,32,26373,824.15625,0.08611079513138437,0.08425283433814887,0.06859287908087817,0.0922913585864331,0.09888901528077959,0.3528229628787017,0.21704015470367422,5187,2337,6740,5686,313,719,1187,3891
247,Orkdal,158.10028453592093,36,11753,326.47222222222223,0.08244703479962563,0.0768314472900536,0.06543010295243767,0.09410363311494938,0.12235173998128138,0.3270654301029524,0.2317706117586999,2254,925,2463,2798,207,327,538,1990
248,Os,364.8908411973514,49,21325,435.2040816326531,0.10138335287221571,0.08370457209847597,0.0681828839390387,0.10049237983587339,0.1331770222743259,0.31948417350527547,0.19357561547479485,4952,1743,4795,4412,426,589,938,3174
249,Osen,85.21598600561218,5,887,177.4,0.05636978579481398,0.06989853438556934,0.06989853438556934,0.08906426155580609,0.08906426155580609,0.3179255918827508,0.30777903043968435,129,60,186,254,0,17,33,181
250,Oslo,5228.491442857073,1588,665566,419.1221662468514,0.08873500148745579,0.062292845487900525,0.043686125793685374,0.10781800753043275,0.21886184089932478,0.32231363981934175,0.15629253898185905,131236,32765,101503,139078,13225,15179,26785,191856
251,Osterøy,204.03921948786976,9,7595,843.8888888888889,0.08834759710335748,0.0815009874917709,0.07123107307439104,0.10480579328505596,0.12560895325872284,0.30928242264647793,0.21922317314022383,1562,739,1830,1634,86,169,334,1146
252,Overhalla,55.93015377041485,5,3817,763.4,0.09641079381713387,0.08226355776788054,0.06628242074927954,0.10086455331412104,0.122347393240765,0.30914330626146186,0.22268797484935812,853,291,821,916,82,53,119,538
253,Porsanger - Porsángu - Porsanki,247.533902151907,14,3762,268.7142857142857,0.06751727804359384,0.06432748538011696,0.06166932482721956,0.1002126528442318,0.11004784688995216,0.3492822966507177,0.246943115364168,504,283,651,852,77,179,217,899
254,Porsgrunn,1221.5680130600374,101,35522,351.7029702970297,0.07415123022352345,0.0682675525026744,0.06300320927875683,0.10354146725972636,0.12031980181296098,0.33483475029559145,0.23588198862676651,5797,2537,7206,8712,549,986,1704,7391
255,Raarvihke - Røyrvik,416.2165440905327,0,229,inf,0.06986899563318777,0.10480349344978165,0.0611353711790393,0.06986899563318777,0.08733624454148471,0.3406113537117904,0.2663755458515284,41,56,92,124,0,5,17,73
256,Radøy,117.70235389237244,9,4730,525.5555555555555,0.08731501057082452,0.07251585623678647,0.06723044397463002,0.10190274841437633,0.11839323467230443,0.32621564482029597,0.22642706131078225,984,462,1152,1136,52,111,158,813
257,Rakkestad,58.75255858384736,13,7643,587.9230769230769,0.07954991495486066,0.07300798115923067,0.06528849928038728,0.09106371843516943,0.1096428104147586,0.34070391207640977,0.24074316367918358,1424,548,1655,2034,124,148,279,1482
258,Rana,519.1679419773469,68,25776,379.05882352941177,0.07569056486654252,0.06963842333954066,0.0670391061452514,0.10777467411545624,0.11696927374301676,0.3302684667908132,0.23261949099937926,4424,2037,5356,6242,393,678,1344,4634
259,Randaberg,459.23454790034606,21,10596,504.57142857142856,0.09815024537561344,0.08578708946772368,0.07757644394110985,0.11834654586636467,0.11664779161947905,0.3337108342770857,0.16978104945262362,2355,1017,2752,2162,176,206,451,1407
260,Rauma,136.0030105010609,24,7183,299.2916666666667,0.08158151190310456,0.06919114576082416,0.0615341779200891,0.09494640122511486,0.10886816093554225,0.3093415007656968,0.2745371014896283,1306,686,1476,1772,96,165,250,1357
261,Re,92.07360637483356,16,9191,574.4375,0.08475682733108476,0.07866391034707866,0.07104776411707105,0.09813948427809814,0.12588401697312587,0.3425089761723425,0.198999020781199,1734,702,2162,2186,106,212,419,1560
262,Rendalen,74.04740329042343,5,1656,331.2,0.05253623188405797,0.05676328502415459,0.05555555555555555,0.08152173913043478,0.07729468599033816,0.3146135265700483,0.3617149758454106,206,144,334,496,11,48,43,492
263,Rennebu,50.03133926703158,3,2488,829.3333333333334,0.05988745980707395,0.06752411575562701,0.06832797427652733,0.09766881028938906,0.0992765273311897,0.3086816720257235,0.29863344051446944,340,276,533,610,25,77,84,475
264,Rennesøy,90.30512070366679,9,4802,533.5555555555555,0.11182840483132028,0.09454394002498959,0.07122032486463974,0.10329029571012079,0.1376509787588505,0.32715535193669304,0.15431070387338608,1288,346,1307,932,60,56,132,633
265,Rindal,57.50605334484167,5,1913,382.6,0.07893361212754835,0.07004704652378463,0.0690015682174595,0.10245687401986409,0.10245687401986409,0.2974385781495034,0.279665446941976,380,203,413,484,16,27,67,312
266,Ringebu,75.9401398223746,11,4284,389.45454545454544,0.062324929971988796,0.06185807656395892,0.06209150326797386,0.09803921568627451,0.10550887021475257,0.32703081232493,0.2831465919701214,625,455,875,1076,34,130,120,911
267,Ringerike,249.50140003951228,81,29360,362.4691358024691,0.07019754768392371,0.06498637602179837,0.05725476839237057,0.10166893732970027,0.11900544959128065,0.33784059945504086,0.24904632152588557,4635,2356,5511,7442,433,887,1383,6345
268,Ringsaker,124.31538917855185,80,32987,412.3375,0.0702094764604238,0.071300815472762,0.06711734925879892,0.09625003789371571,0.11392366689908145,0.34107375632825054,0.2401248976869676,5301,2690,7207,8540,410,782,1494,5907
269,Rissa,80.27141960988752,19,6458,339.89473684210526,0.0771136574790957,0.07494580365438216,0.06828739547847631,0.1025085165685971,0.09739857541034376,0.3230102198823165,0.25673583152678847,1068,549,1558,1486,88,161,238,1182
270,Risør,1196.1548735150354,24,6200,258.3333333333333,0.06516129032258064,0.06548387096774194,0.06790322580645161,0.09903225806451613,0.10564516129032259,0.322741935483871,0.27403225806451614,902,468,1241,1508,75,165,241,1323
271,Roan,77.52685869041845,4,675,168.75,0.0637037037037037,0.06222222222222222,0.06074074074074074,0.1274074074074074,0.0637037037037037,0.33185185185185184,0.2903703703703704,39,19,95,104,0,5,0,92
272,Rollag,116.43997734131143,2,1089,544.5,0.04499540863177227,0.05968778696051423,0.09274563820018365,0.09550045913682277,0.09917355371900827,0.3278236914600551,0.2800734618916437,150,129,310,308,17,31,30,253
273,Rygge,337.3281221724537,38,15300,402.63157894736844,0.07169934640522876,0.07313725490196078,0.07156862745098039,0.09790849673202615,0.10071895424836601,0.34830065359477125,0.23666666666666666,2460,1276,3551,3688,222,378,784,2608
274,Råde,145.73045789520762,5,7293,1458.6,0.07870560811737283,0.06993006993006994,0.06375976964212259,0.08665843959961607,0.11065405183052242,0.33511586452762926,0.2551761963526669,1229,678,1649,1908,93,185,248,1193
275,Rælingen,1207.9701198311607,12,17401,1450.0833333333333,0.09936210562611344,0.0772369404057238,0.06195046261709097,0.09258088615596805,0.14252054479627607,0.34710648813286593,0.1792425722659617,3872,1500,3775,3390,307,509,847,2939
276,Rødøy,144.93497083739697,1,974,974.0,0.09240246406570841,0.09137577002053388,0.0811088295687885,0.10164271047227925,0.08624229979466119,0.3028747433264887,0.24435318275154005,183,32,291,222,19,31,20,201
277,Rømskog,179.51083989369474,1,630,630.0,0.06031746031746032,0.07142857142857142,0.06507936507936508,0.07301587301587302,0.06190476190476191,0.38412698412698415,0.2841269841269841,79,51,148,172,8,25,0,112
278,Røros,165.84634682514803,23,5400,234.7826086956522,0.05759259259259259,0.06259259259259259,0.0637037037037037,0.10111111111111111,0.10981481481481481,0.3214814814814815,0.2837037037037037,709,512,1082,1344,34,176,306,1188
279,Røst,300.8851515094728,2,546,273.0,0.06227106227106227,0.06593406593406594,0.05311355311355311,0.1043956043956044,0.0695970695970696,0.3956043956043956,0.2490842490842491,68,54,98,106,14,26,42,128
280,Røyken,622.3480385732125,31,21175,683.0645161290323,0.0924203069657615,0.08373081463990555,0.07093270365997639,0.08982290436835891,0.11343565525383707,0.3573081463990555,0.19234946871310507,4386,1789,5259,4380,297,607,1167,3095
281,Salangen,133.89983649369708,7,2098,299.7142857142857,0.055767397521449,0.06720686367969494,0.09675881792183032,0.1263107721639657,0.07292659675881792,0.32221163012392756,0.2588179218303146,269,135,437,456,45,59,115,549
282,Saltdal,246.0336102688638,15,4468,297.8666666666667,0.07542524619516562,0.06535362578334826,0.056624888093106535,0.09489704565801253,0.11324977618621307,0.3160250671441361,0.2784243509400179,712,393,841,1206,75,124,163,913
283,Samnanger,373.22634761270433,7,2392,341.7142857142857,0.08152173913043478,0.07274247491638795,0.06605351170568562,0.08821070234113712,0.11413043478260869,0.33068561872909696,0.24665551839464883,506,207,496,626,6,41,78,373
284,Sande,188.11504963750684,31,11688,377.03225806451616,0.07862765229295003,0.07648870636550308,0.06759069130732374,0.09573921971252566,0.11695756331279945,0.33649897330595485,0.22809719370294318,2075,1096,2720,2648,181,330,480,1951
285,Sandefjord,693.0065127992971,128,45485,355.3515625,0.0759810926679125,0.0715400681543366,0.06731889633945257,0.09695504012311751,0.1174453116412004,0.33463779267890514,0.2361217983950753,7439,3293,9512,10632,810,1182,2496,9004
286,Sandnes,595.9379850643403,142,74279,523.0915492957746,0.10409402388292788,0.08231128582775751,0.06620983050391092,0.10647693156881487,0.15915669300879118,0.32729304379434293,0.15445819141345468,17680,5830,17115,14398,1247,1634,2968,12149
287,Sandøy,159.3936483496023,0,1164,inf,0.06958762886597938,0.07302405498281787,0.07731958762886598,0.09450171821305842,0.09707903780068729,0.33075601374570446,0.25773195876288657,208,99,311,304,4,8,22,242
288,Sarpsborg,454.8473609753664,100,54134,541.34,0.0781394317803968,0.07274540953929139,0.0653378652972254,0.09844090590017364,0.11914877895592418,0.336387482912772,0.22980012561421656,9456,4090,11042,12498,1162,1532,3026,10530
289,Sauda,452.17546052174987,6,4434,739.0,0.07577807848443843,0.06878664862426703,0.06968876860622462,0.10374379792512405,0.10802886783942264,0.3234100135317997,0.2505638249887235,806,355,917,1142,65,93,162,876
290,Sauherad,111.76628684680684,4,4321,1080.25,0.07174265216385096,0.06618838231890765,0.06433695903725989,0.09858828974774357,0.10622541078454062,0.3348761860680398,0.25804211987965747,680,430,830,1080,74,150,199,781
291,Sel,120.75225252424815,18,5337,296.5,0.06276934607457373,0.0676409968146899,0.06895259509087502,0.09874461307850853,0.08600337268128162,0.3278995690462807,0.2879895072137905,789,513,1119,1420,49,164,225,1081
292,Selbu,76.53061555365626,8,3983,497.875,0.06678383128295255,0.07331157419030881,0.06427316093396937,0.09540547326136078,0.10444388651770023,0.32764248054230477,0.26813959327140346,461,341,720,752,22,91,158,620
293,Selje,182.11520122819914,5,2559,511.8,0.06408753419304415,0.0687768659632669,0.07854630715123095,0.11059007424775302,0.07268464243845252,0.330988667448222,0.27432590855803046,413,298,620,642,21,61,106,427
294,Seljord,170.76176703260552,9,2747,305.22222222222223,0.07681106661812886,0.07062249726974881,0.06152165999271933,0.08445576993083363,0.10884601383327266,0.31889333818711324,0.27884965416818347,500,207,599,690,29,80,72,599
295,Sigdal,74.12584099634479,6,3476,579.3333333333334,0.06185270425776755,0.07163406214039125,0.06271576524741082,0.08170310701956271,0.10126582278481013,0.3394706559263521,0.2813578826237054,513,321,758,796,17,126,130,678
296,Siljan,233.12249976641957,3,2261,753.6666666666666,0.07651481645289694,0.07430340557275542,0.07076514816452897,0.09199469261388767,0.11366651923927466,0.33790358248562585,0.23485183547103053,378,203,571,608,47,46,106,286
297,Sirdal,146.8461620129585,6,1674,279.0,0.0967741935483871,0.07347670250896057,0.06332138590203107,0.0955794504181601,0.12962962962962962,0.3004778972520908,0.24074074074074073,393,176,349,314,0,64,69,336
298,Skaun,158.05105791505935,8,7702,962.75,0.1134770189561153,0.08504284601402233,0.06647623993767852,0.09192417553882108,0.13230329784471564,0.32303297844715656,0.18774344326149053,1991,609,1802,1590,115,176,288,963
299,Skedsmo,1319.7606670500559,150,51612,344.08,0.08501898783228706,0.07740447957839262,0.06624428427497481,0.10172053010927691,0.13016352786173757,0.3441835232116562,0.1952646671316748,9669,4051,12229,10954,874,1391,2507,9825
300,Ski,556.6912723031897,52,29646,570.1153846153846,0.090804830331242,0.08611617081562437,0.0720501922687715,0.09647169938608918,0.11326991837010052,0.3438575187209067,0.19742967010726573,6136,2548,7412,5958,389,834,1607,4554
301,Skien,687.9817056712284,112,52837,471.75892857142856,0.07776747355073149,0.06919393606752844,0.06308079565456025,0.1028067452731987,0.1243446827034086,0.33062058784563847,0.23218577890493405,8681,4021,10454,12704,1206,1420,2643,10704
302,Skiptvet,82.80392391058477,1,3667,3667.0,0.08590128170166349,0.08126533951458959,0.0730842650668121,0.09680938096536679,0.1044450504499591,0.3441505317698391,0.21434415053176983,665,309,901,868,70,55,143,599
303,Skjervøy,814.0970544150422,10,2742,274.2,0.07695113056163384,0.06710430342815463,0.06856309263311451,0.12363238512035012,0.11232676878191102,0.3099927060539752,0.2414296134208607,482,270,537,602,54,99,126,517
304,Skjåk,78.62223020175652,5,1986,397.2,0.05891238670694864,0.06948640483383686,0.05337361530715005,0.08761329305135952,0.08610271903323263,0.33031218529707956,0.31419939577039274,253,251,405,532,20,82,81,435
305,Skodje,506.05252128478025,8,4164,520.5,0.10038424591738712,0.08285302593659942,0.069164265129683,0.10494716618635927,0.1340057636887608,0.3196445725264169,0.18900096061479346,901,335,917,772,35,68,162,566
306,Skånland,164.4254101766256,5,2901,580.2,0.06997587038952086,0.06273698724577732,0.06514994829369183,0.08617718028266115,0.10720441227163047,0.3302309548431575,0.27852464667356086,454,266,488,718,37,123,122,554
307,Smøla,88.29374842650664,11,1777,161.54545454545453,0.05965109735509285,0.06133933595948227,0.05965109735509285,0.09341586944288126,0.10692177827799662,0.3297692740574001,0.289251547552054,260,90,352,516,16,46,60,415
308,Snillfjord,60.6293093780277,0,724,inf,0.06767955801104972,0.07044198895027624,0.06906077348066299,0.11049723756906077,0.08977900552486189,0.31215469613259667,0.2803867403314917,123,88,184,230,6,27,18,193
309,Snåase - Snåsa,43.72130636163548,5,2048,409.6,0.06591796875,0.06689453125,0.0673828125,0.10546875,0.11572265625,0.31591796875,0.2626953125,316,240,455,466,21,40,74,364
310,Sogndal,215.07706740284786,28,7740,276.42857142857144,0.07971576227390181,0.0731266149870801,0.060723514211886306,0.1342377260981912,0.14689922480620154,0.30400516795865634,0.20129198966408268,1530,707,1717,2086,67,184,193,1701
311,Sokndal,167.94315671631188,9,3113,345.8888888888889,0.09219402505621586,0.0828782524895599,0.06553164150337296,0.10729200128493414,0.10600706713780919,0.3234821715387086,0.2226148409893993,674,301,664,702,92,59,92,566
312,Sola,439.74257399248097,47,25936,551.8297872340426,0.1041024059222702,0.08335903763109191,0.06635564466378778,0.10903763109191857,0.14948334361505244,0.33544108574953735,0.15222085132634178,6232,2289,6328,5130,408,464,863,3712
313,Solund,218.3952410945316,2,446,223.0,0.06726457399103139,0.08071748878923767,0.06053811659192825,0.09641255605381166,0.0515695067264574,0.37668161434977576,0.26681614349775784,84,74,135,168,0,12,6,132
314,Songdalen,433.8519175744166,10,6035,603.5,0.09511184755592378,0.08434134217067109,0.07108533554266777,0.11002485501242751,0.1299088649544325,0.3231151615575808,0.1864125932062966,1323,480,1411,1332,135,199,329,1039
315,Sortland,239.92535912370334,42,10060,239.52380952380952,0.07972166998011929,0.07514910536779323,0.07405566600397614,0.11192842942345925,0.1194831013916501,0.3187872763419483,0.22087475149105368,1791,755,2176,2102,235,225,578,1966
316,Spydeberg,113.00717405209353,8,5667,708.375,0.08293629786483148,0.07499558849479443,0.07234868537144874,0.08823010411152285,0.12634550908770073,0.32592200458796544,0.22922181048173637,1103,403,1200,1382,43,145,318,947
317,Stange,156.53829685907485,19,19738,1038.842105263158,0.07852872631472287,0.06885196068497315,0.06560948424359105,0.09458911743844362,0.11855304488803324,0.32982065052183607,0.24404701590840003,3534,1577,3875,5084,241,470,945,3677
318,Stavanger,2364.804768971969,313,131835,421.1980830670926,0.08972579360564342,0.07220389122767096,0.061091515910039064,0.10947017104714227,0.16430386467933403,0.3328782189858535,0.17032654454431675,27177,9943,27272,27546,1827,3176,5416,27559
319,Steigen,64.90322557540975,9,2167,240.77777777777777,0.06275957544993079,0.06275957544993079,0.06229810798338717,0.09690816797415783,0.09598523304107061,0.31149053991693587,0.307798800184587,306,248,453,588,29,51,81,528
320,Steinkjer,94.63981087146014,63,21663,343.85714285714283,0.0768129991229285,0.07104279185708351,0.06527258459123851,0.10991090799981536,0.11064949452984352,0.3146840234501223,0.2516271984489683,3749,1510,4456,5650,312,422,908,4098
321,Stjørdal,181.25241439728512,48,23166,482.625,0.08646291979625313,0.07834757834757834,0.07252007252007252,0.10420443753777087,0.11672278338945005,0.32582232582232584,0.21591988258654926,4622,1813,5284,5288,330,488,1074,3751
322,Stokke,194.51951433425214,25,11650,466.0,0.08257510729613735,0.07330472103004292,0.0688412017167382,0.10180257510729614,0.12472103004291846,0.34969957081545067,0.19905579399141632,2128,925,2533,2656,186,333,517,2064
323,Stor-Elvdal,145.53520328559696,4,2043,510.75,0.048458149779735685,0.05286343612334802,0.05531081742535487,0.10181106216348507,0.11160058737151249,0.3201174743024963,0.30983847283406757,284,187,382,728,0,72,100,731
324,Stord,912.0673882280067,44,18458,419.5,0.09372629754036191,0.08039874309242605,0.07227218550222125,0.1143135767688807,0.1270993607108029,0.3169357460179868,0.19525409036732042,4038,1404,4291,3982,280,423,737,2988
325,Stordal,160.79870520944985,1,1018,1018.0,0.05697445972495088,0.0893909626719057,0.08840864440078586,0.07956777996070727,0.10805500982318271,0.34479371316306484,0.23280943025540274,122,89,275,198,8,37,31,146
326,Storfjord - Omasvuotna - Omasvuono,145.13550145814176,3,1823,607.6666666666666,0.06582556226001098,0.07021393307734504,0.06308283049917718,0.09983543609434997,0.09325287986834888,0.3269336258913878,0.28085573230938016,206,204,337,364,51,111,131,387
327,Strand,310.1310097513023,23,12440,540.8695652173913,0.09887459807073955,0.08488745980707396,0.072508038585209,0.10844051446945338,0.1389871382636656,0.30787781350482313,0.18842443729903538,2811,908,2920,2650,293,190,534,1886
328,Stranda,196.48950483465094,18,4596,255.33333333333334,0.06919060052219321,0.06570931244560488,0.06766753698868581,0.10030461270670148,0.13533507397737163,0.30809399477806787,0.25369886858137514,718,464,1075,1024,35,94,125,827
329,Stryn,127.37753816595678,32,7097,221.78125,0.08397914611807807,0.08214738621952938,0.07087501761307595,0.10116950824291954,0.11032830773566296,0.31816260391714807,0.23333803015358603,1399,668,1699,1278,50,210,255,1236
330,Sula,1047.7867933083628,16,8849,553.0625,0.10724375635665047,0.0845293253474969,0.06825630014690925,0.09729912984518024,0.13007119448525256,0.31664594869476775,0.1959543451237428,2216,745,2072,1702,128,175,324,1261
331,Suldal,98.21006441517217,16,3382,211.375,0.08545239503252514,0.08190419869899468,0.06741573033707865,0.09491425192193968,0.09727971614429332,0.3205204021289178,0.25251330573625075,755,242,874,936,39,75,115,623
332,Sund,873.5502746900955,8,6677,834.625,0.1078328590684439,0.08851280515201437,0.06365134042234537,0.09495282312415755,0.14946832409764865,0.30567620188707506,0.1899056462483151,1552,545,1453,1224,133,155,219,892
333,Sunndal,206.15237784256377,10,6932,693.2,0.06679169070975187,0.06520484708597807,0.07458165031736873,0.1074725908828621,0.10285631852279284,0.3315060588574726,0.2515868436237738,1047,618,1352,1634,96,163,352,1441
334,Surnadal,108.015736044863,16,5651,353.1875,0.0675986551052911,0.06989913289683242,0.07043001238718812,0.11113077331445761,0.09272695098212706,0.3236595292868519,0.2645549460272518,873,528,1349,1354,48,197,209,1010
335,Sveio,135.42779953361682,8,5388,673.5,0.11005939123979214,0.08834446919079436,0.07089829250185598,0.09409799554565701,0.12936154417223458,0.3038233110616184,0.20341499628804752,1394,361,1196,1286,82,71,174,816
336,Svelvik,632.4805416766129,7,6574,939.1428571428571,0.06738667477943414,0.06936416184971098,0.0648007301490721,0.08989960450258594,0.10754487374505628,0.35686035898996044,0.2441435959841801,919,589,1405,1648,101,239,349,1205
337,Sykkylven,311.1874570008322,23,7638,332.0869565217391,0.07907829274679236,0.07855459544383346,0.071222833202409,0.09557475778999738,0.10997643362136685,0.33398795496203193,0.231605132233569,1454,684,1743,1670,94,202,320,1237
338,Søgne,948.0911658936641,16,10554,659.625,0.08745499336744363,0.08432821678984272,0.08110668940685996,0.10839492135683153,0.12327079780178131,0.3220579874928937,0.19338639378434716,2131,773,2609,2276,127,247,550,1602
339,Sømna,47.33605241611407,3,1846,615.3333333333334,0.07096424702058506,0.0790899241603467,0.06825568797399784,0.1056338028169014,0.10184182015167931,0.32340195016251355,0.25081256771397614,313,144,377,442,12,35,88,399
340,Søndre Land,155.68705006133845,7,5666,809.4285714285714,0.05965407695022944,0.06283092128485704,0.06283092128485704,0.09707024355806565,0.11136604306388986,0.3432756794917049,0.26297211436639606,769,476,1138,1474,70,196,218,1163
341,Sør-Aurdal,120.69418803823612,4,2762,690.5,0.0666183924692252,0.06444605358435916,0.0662563359884142,0.09087617668356264,0.10463432295438088,0.32440260680666183,0.2827661115133961,437,221,671,776,16,51,91,595
342,Sør-Fron,74.35117403374056,7,3128,446.85714285714283,0.0712915601023018,0.06745524296675191,0.06234015345268542,0.0907928388746803,0.1039002557544757,0.3305626598465473,0.27365728900255754,505,241,646,772,19,57,133,613
343,Sør-Odal,90.66075389604381,10,7764,776.4,0.06594538897475528,0.06311179804224626,0.06195260175167439,0.09428129829984544,0.11012364760432766,0.3487892838742916,0.25579598145285937,1160,658,1531,2112,102,265,387,1467
344,Sør-Varanger,516.1765481902684,25,9489,379.56,0.07071345768784909,0.06776267256823691,0.06607650964274422,0.11897987143007693,0.13415533775951102,0.3347033407102961,0.2076088102012857,1425,759,2011,1982,179,288,516,2183
345,Sørfold,198.71105641921403,3,1403,467.6666666666667,0.05915894511760513,0.07626514611546685,0.06557377049180328,0.10548823948681398,0.07056307911617961,0.3143264433357092,0.308624376336422,202,165,304,426,13,41,107,291
346,Sørreisa,276.5493831550963,7,3391,484.42857142857144,0.07431436154526688,0.07342966676496608,0.07195517546446475,0.09967561191388971,0.12651135358301385,0.3187850191683869,0.23532881156001179,568,271,747,760,45,70,159,627
347,Sørum,183.25529923094658,15,17052,1136.8,0.09992962702322308,0.08691062631949331,0.06785127844241144,0.09160215810462116,0.1358784893267652,0.3461764015951208,0.171651419188365,3894,1395,4383,3356,246,432,764,2542
348,Time,184.67345537645122,47,18437,392.27659574468083,0.10679611650485436,0.0833649726094267,0.06627976351901069,0.1108097846721267,0.15409231436784726,0.31485599609480935,0.16380105223192493,4605,1332,4140,3974,254,387,696,2789
349,Tingvoll,106.07167660885071,10,2951,295.1,0.06777363605557438,0.06743476787529651,0.06302948153168418,0.09454422229752626,0.09928837682141647,0.3246357167062013,0.2832937987123009,409,281,594,734,44,80,156,588
350,Tinn,334.42365395190245,21,5690,270.95238095238096,0.06379613356766256,0.06783831282952549,0.06590509666080843,0.0913884007029877,0.10421792618629173,0.32794376098418276,0.2789103690685413,780,390,1137,1438,85,114,311,1299
351,Tjeldsund,144.5953324598383,2,1082,541.0,0.06746765249537892,0.06377079482439926,0.04621072088724584,0.07948243992606285,0.08964879852125693,0.32717190388170053,0.32624768946395566,132,104,214,358,28,25,50,218
352,Tjøme,710.7696161605662,12,4907,408.9166666666667,0.05808029345832484,0.05848787446504993,0.06480538006928876,0.09843081312410841,0.09802323211738333,0.3562257998777257,0.265946606888119,562,404,957,1302,81,149,242,1005
353,Tokke,200.5587874318577,5,2040,408.0,0.060784313725490195,0.0661764705882353,0.0769607843137255,0.09313725490196079,0.10833333333333334,0.3299019607843137,0.2647058823529412,347,189,491,500,10,46,63,445
354,Tolga,40.51513576650939,2,1378,689.0,0.07039187227866474,0.07402031930333818,0.07910014513788098,0.11320754716981132,0.10159651669085631,0.3084179970972424,0.2532656023222061,223,200,368,290,11,59,52,278
355,Torsken,526.2172352790959,4,800,200.0,0.06125,0.05625,0.065,0.0925,0.11875,0.335,0.27125,76,58,160,174,37,27,23,214
356,Tranøy,122.81480819692703,0,1349,inf,0.07412898443291327,0.06968124536693847,0.05559673832468495,0.09266123054114159,0.09191994069681246,0.2824314306893996,0.3335804299481097,180,85,238,346,40,25,57,302
357,Tromsø,1344.4121517166964,93,71213,765.7311827956989,0.08534958504767388,0.07193911224074256,0.05890778369117998,0.12062404336286914,0.16331287826660862,0.33422268406049455,0.16564391333043124,14057,5747,14591,15382,974,2248,3547,16594
358,Trondheim,1498.7198090916645,385,186644,484.7896103896104,0.08359765114335312,0.06748676625018753,0.05249566018730846,0.13113199459934421,0.17307280169734895,0.3126915411157069,0.1795235850067508,36426,12442,36372,46664,1792,4369,7101,46358
359,Trysil,203.24167028685858,26,6022,231.6153846153846,0.06110926602457655,0.06260378611756891,0.055131185652607106,0.09083361009631352,0.10345400199269346,0.33161740285619395,0.2952507472600465,852,486,1080,1676,28,201,241,1481
360,Træna,752.4994345679042,1,393,393.0,0.07633587786259542,0.0916030534351145,0.06870229007633588,0.11195928753180662,0.10432569974554708,0.35368956743002544,0.19338422391857507,53,39,93,60,22,8,30,81
361,Trøgstad,65.08082980614331,3,5273,1757.6666666666667,0.07566849990517732,0.06865162146785511,0.0635311966622416,0.0879954485112839,0.11473544471837664,0.35103356722928125,0.23838422150578417,887,383,1109,1280,74,130,238,1100
362,Tvedestrand,499.9291686143233,22,5081,230.95454545454547,0.07321393426490848,0.06986813619366267,0.06553827986616807,0.09683133241487896,0.1035229285573706,0.3274945876795906,0.2635308010234206,820,410,984,1204,97,145,245,1059
363,Tydal,88.20081008236868,4,809,202.25,0.06056860321384425,0.0519159456118665,0.05562422744128554,0.11495673671199011,0.1211372064276885,0.315203955500618,0.28059332509270707,108,142,131,196,4,33,29,153
364,Tynset,72.19492457432847,24,5356,223.16666666666666,0.07524271844660194,0.07561613144137416,0.07692307692307693,0.10474234503360717,0.10828976848394324,0.3174010455563854,0.2417849141150112,927,462,1242,1164,54,147,242,1017
365,Tysfjord - Divtasvuodna,456.99341064793555,3,1861,620.3333333333334,0.06125738850080602,0.06394411606663085,0.05857066093498119,0.092423428264374,0.09779688339602365,0.34658785599140246,0.27941966684578184,255,248,316,374,30,87,89,422
366,Tysnes,152.32626099309508,5,2769,553.8,0.0765619357168653,0.06356085229324666,0.06608884073672806,0.10653665583243048,0.09425785482123511,0.29216323582520765,0.30083062477428674,444,218,574,688,33,62,88,535
367,Tysvær,136.46754428438388,22,10733,487.8636363636364,0.10230131370539458,0.09102767166682195,0.08040622379577006,0.10025156060747228,0.13258175719742848,0.3048541880182614,0.1885772850088512,2521,820,2846,2288,152,134,430,1335
368,Tønsberg,666.0245011165686,147,41724,283.83673469387753,0.07978621416930304,0.06885725242066916,0.058215894928578274,0.10303422490652861,0.129110344166427,0.33656888121944206,0.22442718818905186,7267,2659,8111,9680,740,1137,2013,9278
369,Ullensaker,288.23875892624454,65,33512,515.5692307692308,0.09492122224874672,0.08558128431606589,0.06648364764860348,0.0987109095249463,0.1449629983289568,0.33662568632131773,0.17271425161136308,7021,2165,8070,6592,733,907,1821,6190
370,Ullensvang,137.97950708511553,7,3262,466.0,0.07234825260576333,0.06866952789699571,0.07081545064377683,0.09104843654199878,0.09380748007357449,0.32127529123237275,0.2820355610055181,542,321,757,784,24,71,119,572
371,Ulstein,704.360235575256,32,8130,254.0625,0.08794587945879459,0.08560885608856089,0.07515375153751537,0.1015990159901599,0.13271832718327184,0.3280442804428044,0.18892988929889298,1723,631,1966,1574,77,202,404,1335
372,Ulvik,120.98116096691177,2,895,447.5,0.08156424581005586,0.06927374301675977,0.05139664804469274,0.1005586592178771,0.07709497206703911,0.3217877094972067,0.29832402234636873,166,89,214,272,28,26,33,186
373,Unjárga - Nesseby,123.7525777015194,0,793,inf,0.08575031525851198,0.07313997477931904,0.0416141235813367,0.09331651954602774,0.09457755359394704,0.3114754098360656,0.30012610340479196,151,86,108,170,25,32,28,223
374,Utsira,93.17528593218223,0,201,inf,0.0945273631840796,0.06467661691542288,0.07462686567164178,0.08955223880597014,0.12935323383084577,0.30845771144278605,0.23880597014925373,44,16,39,52,0,0,7,30
375,Vadsø,616.0893172346066,5,5915,1183.0,0.06559594251901944,0.07269653423499578,0.08740490278951818,0.11749788672865596,0.11901944209636517,0.32797971259509723,0.20980557903634828,822,429,1300,1246,114,167,360,1376
376,Vaksdal,447.32632910430993,6,3748,624.6666666666666,0.07657417289220918,0.07604055496264675,0.06590181430096051,0.09525080042689435,0.10992529348986126,0.31830309498399145,0.2580042689434365,649,327,841,888,29,102,144,720
377,Valle,85.57890488998987,3,1155,385.0,0.05108225108225108,0.06926406926406926,0.08484848484848485,0.11255411255411256,0.1038961038961039,0.3212121212121212,0.2571428571428571,149,134,229,236,0,57,55,248
378,Vang,64.686501233954,4,1581,395.25,0.05755850727387729,0.06261859582542695,0.058191018342821,0.10183428209993675,0.1062618595825427,0.3377609108159393,0.275774826059456,203,147,312,384,8,51,48,307
379,Vanylven,82.31987785834993,10,3134,313.4,0.05615826419910657,0.0622208040842374,0.06892150606253988,0.09795788130185067,0.09157626037013401,0.30791320995532867,0.31525207402680283,424,361,677,826,18,74,91,550
380,Vardø,1425.8157213412942,10,2134,213.4,0.059044048734770385,0.04967197750702906,0.044048734770384255,0.09700093720712277,0.1260543580131209,0.3336457357075914,0.29053420805998126,255,136,293,474,41,70,99,685
381,Vefsn,254.17544068338722,41,13257,323.3414634146341,0.07528098363128913,0.06675718488345779,0.06260843328053103,0.10568001810364336,0.11548615825601569,0.3255638530587614,0.24862336878630156,2206,950,2665,3288,168,304,651,2688
382,Vega,53.28106123483224,1,1160,1160.0,0.061206896551724135,0.06379310344827586,0.075,0.1146551724137931,0.07413793103448275,0.32413793103448274,0.28706896551724137,157,131,208,268,20,44,56,265
383,Vegårshei,690.9914364047496,2,1760,880.0,0.08636363636363636,0.07840909090909091,0.07727272727272727,0.0971590909090909,0.11363636363636363,0.3346590909090909,0.2125,341,121,435,406,31,20,86,337
384,Vennesla,623.9581099944405,38,14360,377.89473684210526,0.09352367688022284,0.07625348189415042,0.0687325905292479,0.11316155988857939,0.1376740947075209,0.3233983286908078,0.18725626740947074,2984,1169,3097,3122,326,371,646,2322
385,Verdal,126.96609694512924,31,14644,472.38709677419354,0.08010106528270965,0.0746380770281344,0.0701311117181098,0.10809888008740781,0.11465446599289812,0.3180824911226441,0.23429390876809614,2651,1103,3310,3516,240,312,607,2622
386,Verran,174.44538112503585,5,2208,441.6,0.06340579710144928,0.06295289855072464,0.06204710144927536,0.09375,0.08876811594202899,0.34103260869565216,0.28804347826086957,310,174,450,630,27,67,62,496
387,Vestby,310.4213839239911,30,16349,544.9666666666667,0.09486818765673742,0.08324668175423573,0.06893387974799682,0.08856810814117072,0.11676555140987216,0.3383693192244174,0.20924827206556976,3515,1212,3802,3724,225,446,910,2502
388,Vestnes,190.86520467283384,18,6525,362.5,0.06896551724137931,0.0703448275862069,0.06513409961685823,0.10636015325670498,0.11432950191570881,0.3264367816091954,0.24842911877394636,953,706,1373,1410,121,203,309,1201
389,Vestre Slidre,69.0897983796991,1,1925,1925.0,0.06233766233766234,0.07116883116883117,0.05922077922077922,0.0903896103896104,0.0851948051948052,0.3615584415584416,0.2701298701298701,276,182,465,512,40,56,68,448
390,Vestre Toten,174.19618868193047,23,12490,543.0434782608696,0.06965572457966374,0.06901521216973579,0.060608486789431544,0.09823859087269816,0.11064851881505204,0.3322658126501201,0.25956765412329863,1957,998,2672,3332,213,347,633,2560
391,Vestvågøy,225.66553444271602,39,10556,270.6666666666667,0.08431223948465327,0.07521788556271315,0.07209170140204622,0.11225843122394846,0.11405835543766578,0.3112921561197423,0.23076923076923078,1935,884,2235,2304,260,363,498,2141
392,Vevelstad,70.57205219927825,1,360,360.0,0.07222222222222222,0.06388888888888888,0.08055555555555556,0.10277777777777777,0.1111111111111111,0.3055555555555556,0.2638888888888889,7,0,11,10,0,0,0,17
393,Vik,109.20599685877495,5,2396,479.2,0.07429048414023372,0.07178631051752922,0.06135225375626043,0.10225375626043405,0.08639398998330551,0.3013355592654424,0.30258764607679467,441,312,508,578,14,78,69,485
394,Vikna,260.50351907135024,12,4058,338.1666666666667,0.08723509117792015,0.08132084770823066,0.07466732380482996,0.10399211434204042,0.13257762444553967,0.3114834894036471,0.20872350911779203,821,334,1006,946,85,92,167,736
395,Vindafjord,78.23903406191758,12,8435,702.9166666666666,0.09259039715471251,0.07860106698280972,0.07101363366923533,0.10669828097213989,0.12993479549496148,0.3112033195020747,0.2099585062240664,1713,752,1969,1900,121,104,328,1421
396,Vinje,155.59549814598378,18,3512,195.11111111111111,0.07317767653758542,0.06719817767653759,0.06463553530751709,0.1030751708428246,0.11190205011389522,0.3223234624145786,0.2576879271070615,610,393,692,748,24,122,111,706
397,Volda,291.1576138930007,20,8788,439.4,0.07419208010923987,0.07476103777878926,0.06645425580336822,0.13450159308147475,0.11754665452890305,0.3032544378698225,0.22928994082840237,1572,762,2006,2332,94,219,283,1864
398,Voss,180.1305582595834,54,14478,268.1111111111111,0.08281530598148916,0.07259289957176406,0.06319933692498964,0.10153336096145876,0.1167979002624672,0.3130266611410416,0.25003453515678964,2628,1375,2926,3150,170,366,553,2611
399,Vågan,499.5834381558698,35,8958,255.94285714285715,0.06820718910471087,0.07021656619781201,0.07110962268363474,0.10169680732306319,0.1213440500111632,0.32138870283545434,0.24603706184416163,1391,653,1823,2050,156,202,508,1995
400,Vågsøy,401.19799430528127,26,5963,229.34615384615384,0.08334730840181116,0.07462686567164178,0.0638940130806641,0.09927888646654369,0.10397450947509643,0.32718430320308567,0.24769411370115713,1216,584,1246,1302,33,121,171,1035
401,Vågå,74.89081469378793,9,3665,407.22222222222223,0.06712141882673943,0.06739427012278308,0.06384720327421556,0.08622100954979536,0.10286493860845838,0.3230559345156889,0.28949522510231923,587,364,690,896,40,96,156,666
402,Våler,78.44764724624373,8,8721,1090.125,0.08244467377594313,0.07166609333791997,0.059282192409127396,0.08382066276803118,0.12234835454649697,0.3425065932805871,0.23793142988189428,1595,688,1795,2310,142,217,349,1557
403,Værøy,404.72375105924925,3,708,236.0,0.07909604519774012,0.0748587570621469,0.0635593220338983,0.08615819209039548,0.1172316384180791,0.326271186440678,0.2528248587570621,117,40,148,166,22,20,31,163
404,Åfjord,87.52182564426143,7,2972,424.57142857142856,0.06292059219380888,0.063257065948856,0.07469717362045761,0.11103633916554509,0.10430686406460296,0.2977792732166891,0.2860026917900404,442,286,706,790,32,74,116,600
405,Ål,88.18430630568191,19,4684,246.52631578947367,0.06874466268146882,0.07450896669513236,0.07045260461144322,0.09521776259607173,0.09970111016225448,0.32835183603757473,0.2630230572160547,716,387,1055,1084,46,108,153,959
406,Ålesund,1586.968984727325,146,46394,317.7671232876712,0.08229512436953054,0.0730051299737035,0.061710566021468294,0.11031598913652628,0.146958658447213,0.323856533172393,0.20185799887916542,8992,3283,9786,10222,563,1169,1910,9540
407,Åmli,125.37508473549491,9,1574,174.88888888888889,0.07496823379923762,0.0724269377382465,0.07496823379923762,0.09911054637865312,0.11308767471410419,0.31003811944091486,0.2554002541296061,293,124,345,350,8,48,72,356
408,Åmot,199.3585458424783,12,3982,331.8333333333333,0.06152687091913611,0.06604721245605223,0.06002009040683074,0.12029131089904571,0.1411351079859367,0.3046207935710698,0.2463586137619287,588,292,882,1242,27,83,148,1069
409,Årdal,1034.0033925597616,14,5377,384.07142857142856,0.07122931002417705,0.061000557931932306,0.061930444485772736,0.09354658731634741,0.10247349823321555,0.347033661893249,0.2627859401153059,909,479,1025,1310,59,125,205,1073
410,Ås,343.2942169331038,36,18764,521.2222222222222,0.0915583031336602,0.07818162438712428,0.061554039650394375,0.11570027712641227,0.14218716691536987,0.3332978043061181,0.1775207844809209,4097,1584,3947,4568,170,443,797,3707
411,Åseral,88.62195070763961,2,875,437.5,0.08457142857142858,0.08114285714285714,0.08685714285714285,0.13142857142857142,0.10742857142857143,0.32457142857142857,0.184,178,88,232,134,6,21,31,184
412,Åsnes,55.46021286030195,12,7336,611.3333333333334,0.05234460196292257,0.05875136314067612,0.05629770992366412,0.09133042529989095,0.09064885496183206,0.33655943293347873,0.31406761177753545,807,591,1182,2066,86,255,392,1701
413,Øksnes,333.5294850547501,16,4275,267.1875,0.06760233918128655,0.06783625730994151,0.06783625730994151,0.10269005847953216,0.11789473684210526,0.3298245614035088,0.2463157894736842,623,366,909,976,87,119,198,965
414,Ørland,95.475198317135,22,5214,237.0,0.07556578442654392,0.06501726121979287,0.06194859992328347,0.11795166858457998,0.12351361718450327,0.3241273494438051,0.23187571921749137,847,371,1076,1206,93,133,197,1065
415,Ørskog,267.15656013333046,5,2266,453.2,0.08340688437775816,0.07546337157987644,0.06266548984995587,0.088261253309797,0.11032656663724624,0.3389232127096205,0.2409532215357458,440,225,479,510,23,61,97,371
416,Ørsta,190.10466741736005,25,10277,411.08,0.08416853167266712,0.07667607278388634,0.06606986474652136,0.10255911258149265,0.12007395154227887,0.3171158898511239,0.23333657682202977,1998,1030,2181,2380,160,295,418,1818
417,Østre Toten,96.86438922715224,30,14692,489.73333333333335,0.07003811598148653,0.06445684726381705,0.06193846991560033,0.09597059624285326,0.10774571195208277,0.3371222433977675,0.2627280152463926,2296,1283,2894,3776,162,445,723,2823
418,Øvre Eiker,226.31011150126858,39,18002,461.5897435897436,0.08137984668370181,0.07499166759248972,0.0636595933785135,0.09526719253416287,0.13248527941339852,0.3361293189645595,0.21608710143317408,3255,1490,3834,4072,270,573,875,3246
419,Øyer,130.8127496248646,10,4989,498.9,0.06394066947284024,0.06394066947284024,0.06855081178592905,0.1106434155141311,0.11144517939466828,0.33834435758669074,0.24313489677290037,674,472,1050,1270,63,163,220,942
420,Øygarden,469.88284244005706,8,4800,600.0,0.09833333333333333,0.085,0.06916666666666667,0.10229166666666667,0.1175,0.326875,0.20083333333333334,1052,347,1132,1052,108,144,162,706
421,Øystre Slidre,77.94231285893939,19,3234,170.21052631578948,0.06369820655534941,0.0640074211502783,0.061224489795918366,0.09245516388373531,0.13017934446505874,0.3268398268398268,0.26159554730983303,444,246,704,762,24,100,121,648
